#Sea surface temp averaged over NINO3 region, format= 3F8.2
#(NINO3 region = 150-90W, 5S-5N)
#Data from UKMO GISST2.3 (1871-1996) and Reynolds SST (Jan 1997-)
#Time(A.D.)  SST(degC)
1871.04 25.04
1871.12 26.20
1871.21 26.99
1871.29 27.33
1871.38 26.38
1871.46 25.90
1871.54 25.09
1871.62 24.59
1871.71 24.66
1871.79 24.48
1871.88 24.62
1871.96 24.21
1872.04 25.19
1872.12 25.56
1872.21 26.55
1872.29 26.73
1872.38 26.08
1872.46 25.71
1872.54 24.86
1872.62 24.19
1872.71 24.23
1872.79 24.00
1872.88 24.04
1872.96 24.10
1873.04 24.62
1873.12 25.43
1873.21 25.78
1873.29 26.29
1873.38 26.29
1873.46 25.75
1873.54 24.84
1873.62 24.71
1873.71 24.28
1873.79 24.01
1873.88 24.11
1873.96 24.28
1874.04 24.57
1874.12 25.13
1874.21 25.86
1874.29 26.10
1874.38 26.40
1874.46 25.69
1874.54 24.34
1874.62 23.96
1874.71 23.89
1874.79 24.04
1874.88 23.85
1874.96 24.11
1875.04 25.05
1875.12 25.92
1875.21 26.47
1875.29 26.78
1875.38 26.26
1875.46 25.99
1875.54 24.94
1875.62 24.28
1875.71 24.12
1875.79 24.23
1875.88 24.02
1875.96 24.13
1876.04 24.29
1876.12 25.03
1876.21 25.71
1876.29 25.99
1876.38 25.86
1876.46 26.24
1876.54 25.47
1876.62 24.84
1876.71 24.94
1876.79 25.11
1876.88 25.29
1876.96 25.52
1877.04 25.69
1877.12 26.67
1877.21 27.50
1877.29 28.19
1877.38 28.07
1877.46 27.25
1877.54 27.10
1877.62 27.06
1877.71 27.12
1877.79 27.17
1877.88 27.21
1877.96 27.66
1878.04 28.09
1878.12 28.91
1878.21 28.70
1878.29 28.17
1878.38 27.66
1878.46 27.08
1878.54 25.56
1878.62 24.95
1878.71 24.69
1878.79 24.76
1878.88 24.70
1878.96 24.89
1879.04 25.45
1879.12 25.79
1879.21 26.41
1879.29 26.59
1879.38 26.11
1879.46 25.66
1879.54 25.04
1879.62 24.43
1879.71 24.29
1879.79 24.25
1879.88 23.99
1879.96 24.11
1880.04 24.61
1880.12 25.85
1880.21 26.77
1880.29 27.26
1880.38 26.85
1880.46 26.07
1880.54 25.33
1880.62 25.00
1880.71 25.11
1880.79 25.23
1880.88 25.37
1880.96 25.45
1881.04 25.98
1881.12 26.76
1881.21 27.47
1881.29 27.76
1881.38 27.09
1881.46 26.41
1881.54 25.29
1881.62 24.68
1881.71 24.49
1881.79 24.54
1881.88 24.40
1881.96 24.59
1882.04 24.93
1882.12 25.78
1882.21 26.69
1882.29 27.25
1882.38 26.76
1882.46 25.80
1882.54 24.73
1882.62 24.25
1882.71 24.19
1882.79 24.42
1882.88 24.30
1882.96 24.49
1883.04 24.95
1883.12 25.89
1883.21 26.93
1883.29 27.54
1883.38 26.88
1883.46 26.54
1883.54 25.61
1883.62 24.79
1883.71 24.64
1883.79 24.89
1883.88 25.29
1883.96 24.92
1884.04 25.27
1884.12 26.11
1884.21 27.11
1884.29 27.87
1884.38 27.09
1884.46 26.30
1884.54 25.43
1884.62 25.03
1884.71 25.20
1884.79 25.54
1884.88 25.62
1884.96 25.81
1885.04 25.90
1885.12 26.54
1885.21 27.01
1885.29 27.55
1885.38 27.13
1885.46 26.12
1885.54 25.42
1885.62 25.17
1885.71 25.20
1885.79 25.61
1885.88 25.89
1885.96 26.06
1886.04 25.66
1886.12 25.86
1886.21 26.22
1886.29 26.59
1886.38 25.76
1886.46 25.46
1886.54 24.51
1886.62 23.98
1886.71 24.09
1886.79 23.99
1886.88 23.81
1886.96 23.97
1887.04 24.53
1887.12 25.50
1887.21 26.46
1887.29 27.06
1887.38 26.33
1887.46 26.17
1887.54 25.21
1887.62 24.78
1887.71 24.69
1887.79 24.82
1887.88 24.83
1887.96 25.25
1888.04 25.64
1888.12 26.64
1888.21 27.50
1888.29 28.02
1888.38 27.70
1888.46 27.23
1888.54 26.37
1888.62 25.90
1888.71 26.16
1888.79 26.38
1888.88 26.59
1888.96 27.06
1889.04 27.42
1889.12 27.83
1889.21 28.21
1889.29 28.07
1889.38 27.19
1889.46 26.28
1889.54 24.82
1889.62 24.03
1889.71 23.76
1889.79 23.86
1889.88 24.04
1889.96 24.02
1890.04 24.63
1890.12 24.95
1890.21 26.54
1890.29 26.85
1890.38 26.46
1890.46 25.99
1890.54 24.97
1890.62 24.32
1890.71 24.31
1890.79 24.15
1890.88 23.96
1890.96 24.46
1891.04 25.41
1891.12 26.22
1891.21 27.26
1891.29 27.84
1891.38 27.59
1891.46 27.09
1891.54 26.16
1891.62 24.99
1891.71 24.80
1891.79 24.69
1891.88 24.86
1891.96 25.07
1892.04 25.57
1892.12 26.10
1892.21 26.49
1892.29 26.74
1892.38 26.04
1892.46 25.44
1892.54 24.47
1892.62 23.93
1892.71 23.75
1892.79 23.49
1892.88 23.22
1892.96 23.75
1893.04 24.22
1893.12 25.14
1893.21 26.00
1893.29 26.29
1893.38 25.90
1893.46 25.36
1893.54 24.67
1893.62 23.96
1893.71 23.80
1893.79 23.68
1893.88 23.96
1893.96 24.10
1894.04 24.52
1894.12 25.32
1894.21 26.22
1894.29 26.77
1894.38 26.34
1894.46 26.07
1894.54 25.17
1894.62 24.44
1894.71 24.13
1894.79 24.28
1894.88 24.22
1894.96 24.52
1895.04 25.20
1895.12 25.91
1895.21 26.40
1895.29 27.07
1895.38 26.85
1895.46 26.48
1895.54 25.65
1895.62 25.19
1895.71 25.18
1895.79 25.45
1895.88 25.38
1895.96 25.55
1896.04 25.70
1896.12 26.43
1896.21 27.04
1896.29 27.50
1896.38 27.11
1896.46 26.58
1896.54 26.07
1896.62 25.85
1896.71 25.95
1896.79 26.08
1896.88 26.34
1896.96 26.74
1897.04 27.09
1897.12 27.28
1897.21 27.58
1897.29 27.39
1897.38 26.84
1897.46 26.32
1897.54 25.51
1897.62 24.85
1897.71 24.77
1897.79 24.63
1897.88 24.50
1897.96 24.58
1898.04 25.09
1898.12 25.75
1898.21 26.42
1898.29 26.73
1898.38 26.54
1898.46 26.02
1898.54 25.06
1898.62 24.39
1898.71 24.20
1898.79 24.40
1898.88 24.40
1898.96 24.65
1899.04 25.10
1899.12 25.76
1899.21 26.64
1899.29 27.61
1899.38 27.27
1899.46 26.92
1899.54 26.21
1899.62 25.87
1899.71 25.85
1899.79 26.15
1899.88 26.53
1899.96 26.60
1900.04 26.92
1900.12 27.46
1900.21 28.05
1900.29 28.25
1900.38 27.68
1900.46 27.15
1900.54 26.34
1900.62 25.32
1900.71 24.90
1900.79 24.87
1900.88 24.99
1900.96 25.31
1901.04 25.75
1901.12 26.39
1901.21 27.11
1901.29 27.29
1901.38 26.70
1901.46 25.84
1901.54 24.99
1901.62 24.39
1901.71 24.53
1901.79 24.79
1901.88 25.03
1901.96 25.26
1902.04 25.53
1902.12 26.31
1902.21 27.18
1902.29 27.69
1902.38 27.53
1902.46 27.41
1902.54 26.78
1902.62 26.27
1902.71 25.99
1902.79 26.28
1902.88 26.37
1902.96 26.65
1903.04 26.88
1903.12 27.27
1903.21 27.31
1903.29 27.37
1903.38 26.49
1903.46 25.88
1903.54 24.86
1903.62 24.05
1903.71 23.87
1903.79 23.82
1903.88 23.75
1903.96 24.11
1904.04 24.71
1904.12 25.85
1904.21 26.70
1904.29 27.12
1904.38 26.89
1904.46 26.66
1904.54 25.96
1904.62 25.50
1904.71 25.42
1904.79 25.40
1904.88 25.67
1904.96 25.89
1905.04 26.34
1905.12 27.02
1905.21 27.65
1905.29 28.71
1905.38 28.32
1905.46 27.77
1905.54 26.61
1905.62 25.97
1905.71 25.84
1905.79 25.78
1905.88 25.84
1905.96 26.05
1906.04 26.22
1906.12 26.65
1906.21 27.12
1906.29 27.07
1906.38 26.53
1906.46 25.86
1906.54 24.79
1906.62 24.08
1906.71 23.89
1906.79 24.03
1906.88 23.84
1906.96 24.13
1907.04 24.73
1907.12 25.57
1907.21 26.38
1907.29 26.63
1907.38 26.47
1907.46 26.06
1907.54 25.14
1907.62 24.79
1907.71 24.49
1907.79 24.51
1907.88 24.53
1907.96 24.89
1908.04 25.46
1908.12 26.00
1908.21 26.74
1908.29 26.89
1908.38 26.32
1908.46 25.88
1908.54 24.97
1908.62 24.27
1908.71 23.97
1908.79 23.99
1908.88 23.99
1908.96 24.19
1909.04 24.51
1909.12 25.38
1909.21 26.39
1909.29 26.75
1909.38 26.17
1909.46 25.71
1909.54 24.78
1909.62 24.03
1909.71 23.38
1909.79 23.42
1909.88 23.47
1909.96 23.77
1910.04 24.52
1910.12 25.20
1910.21 25.83
1910.29 25.90
1910.38 25.86
1910.46 25.60
1910.54 24.75
1910.62 23.97
1910.71 23.81
1910.79 23.92
1910.88 23.94
1910.96 24.23
1911.04 24.62
1911.12 25.36
1911.21 25.98
1911.29 26.59
1911.38 26.45
1911.46 26.70
1911.54 26.00
1911.62 25.43
1911.71 25.21
1911.79 25.85
1911.88 25.92
1911.96 26.43
1912.04 26.57
1912.12 27.28
1912.21 27.71
1912.29 27.98
1912.38 26.93
1912.46 26.21
1912.54 25.18
1912.62 24.70
1912.71 24.55
1912.79 24.54
1912.88 24.55
1912.96 24.69
1913.04 25.29
1913.12 26.19
1913.21 26.47
1913.29 26.70
1913.38 26.27
1913.46 26.24
1913.54 25.47
1913.62 24.94
1913.71 25.04
1913.79 25.20
1913.88 25.47
1913.96 25.87
1914.04 26.47
1914.12 27.00
1914.21 27.55
1914.29 27.71
1914.38 27.14
1914.46 26.88
1914.54 25.99
1914.62 25.97
1914.71 25.74
1914.79 25.93
1914.88 25.98
1914.96 26.47
1915.04 26.92
1915.12 27.67
1915.21 28.44
1915.29 28.61
1915.38 28.16
1915.46 26.78
1915.54 25.44
1915.62 24.76
1915.71 24.66
1915.79 24.77
1915.88 24.04
1915.96 23.96
1916.04 24.10
1916.12 24.88
1916.21 25.68
1916.29 26.09
1916.38 25.94
1916.46 25.51
1916.54 24.04
1916.62 23.17
1916.71 23.08
1916.79 23.00
1916.88 22.95
1916.96 23.36
1917.04 24.15
1917.12 24.58
1917.21 25.94
1917.29 26.25
1917.38 26.46
1917.46 26.15
1917.54 25.13
1917.62 24.17
1917.71 23.95
1917.79 24.64
1917.88 24.84
1917.96 23.98
1918.04 24.31
1918.12 25.27
1918.21 26.12
1918.29 27.15
1918.38 27.07
1918.46 27.24
1918.54 26.39
1918.62 25.84
1918.71 25.66
1918.79 26.07
1918.88 26.25
1918.96 26.43
1919.04 26.90
1919.12 27.06
1919.21 27.67
1919.29 27.75
1919.38 27.80
1919.46 26.93
1919.54 25.58
1919.62 25.44
1919.71 25.25
1919.79 25.01
1919.88 24.80
1919.96 25.37
1920.04 26.57
1920.12 27.09
1920.21 27.15
1920.29 27.00
1920.38 26.70
1920.46 26.31
1920.54 25.66
1920.62 25.18
1920.71 25.08
1920.79 24.89
1920.88 24.60
1920.96 25.05
1921.04 25.30
1921.12 24.75
1921.21 25.30
1921.29 25.72
1921.38 26.08
1921.46 25.60
1921.54 25.07
1921.62 24.98
1921.71 24.86
1921.79 24.84
1921.88 23.76
1921.96 24.00
1922.04 24.86
1922.12 25.79
1922.21 27.00
1922.29 27.58
1922.38 26.49
1922.46 24.95
1922.54 23.60
1922.62 22.80
1922.71 22.81
1922.79 23.66
1922.88 23.85
1922.96 24.19
1923.04 24.68
1923.12 24.92
1923.21 26.73
1923.29 27.27
1923.38 27.55
1923.46 26.56
1923.54 25.44
1923.62 25.06
1923.71 25.08
1923.79 25.29
1923.88 25.41
1923.96 25.90
1924.04 25.86
1924.12 26.07
1924.21 26.56
1924.29 26.17
1924.38 26.38
1924.46 25.46
1924.54 24.66
1924.62 23.90
1924.71 23.82
1924.79 23.73
1924.88 23.85
1924.96 23.88
1925.04 24.41
1925.12 24.77
1925.21 26.59
1925.29 27.10
1925.38 26.76
1925.46 26.38
1925.54 26.10
1925.62 25.50
1925.71 25.02
1925.79 25.33
1925.88 25.55
1925.96 26.26
1926.04 26.50
1926.12 27.32
1926.21 27.95
1926.29 28.29
1926.38 27.64
1926.46 26.68
1926.54 25.54
1926.62 24.64
1926.71 24.30
1926.79 24.09
1926.88 24.46
1926.96 25.04
1927.04 25.67
1927.12 26.45
1927.21 26.66
1927.29 26.39
1927.38 26.58
1927.46 26.16
1927.54 25.07
1927.62 24.99
1927.71 24.84
1927.79 25.23
1927.88 24.90
1927.96 25.11
1928.04 25.31
1928.12 26.34
1928.21 26.79
1928.29 27.20
1928.38 26.55
1928.46 25.90
1928.54 25.44
1928.62 24.95
1928.71 24.57
1928.79 25.08
1928.88 24.57
1928.96 25.03
1929.04 24.96
1929.12 25.98
1929.21 26.81
1929.29 27.66
1929.38 26.79
1929.46 26.39
1929.54 25.35
1929.62 25.05
1929.71 25.19
1929.79 24.95
1929.88 25.26
1929.96 25.11
1930.04 25.34
1930.12 26.43
1930.21 27.01
1930.29 27.62
1930.38 27.08
1930.46 26.15
1930.54 26.43
1930.62 25.79
1930.71 25.88
1930.79 26.03
1930.88 26.53
1930.96 26.56
1931.04 27.01
1931.12 27.28
1931.21 28.07
1931.29 27.93
1931.38 26.89
1931.46 26.18
1931.54 25.42
1931.62 24.85
1931.71 23.97
1931.79 24.43
1931.88 23.96
1931.96 24.47
1932.04 25.25
1932.12 26.24
1932.21 27.34
1932.29 27.84
1932.38 27.07
1932.46 26.82
1932.54 25.77
1932.62 24.76
1932.71 24.89
1932.79 24.89
1932.88 24.89
1932.96 24.88
1933.04 25.17
1933.12 26.11
1933.21 26.83
1933.29 27.34
1933.38 26.21
1933.46 25.58
1933.54 24.79
1933.62 24.13
1933.71 23.89
1933.79 23.86
1933.88 23.45
1933.96 24.04
1934.04 24.85
1934.12 26.03
1934.21 26.18
1934.29 27.29
1934.38 26.87
1934.46 26.75
1934.54 25.45
1934.62 25.29
1934.71 24.79
1934.79 24.67
1934.88 24.84
1934.96 24.38
1935.04 24.68
1935.12 25.59
1935.21 26.21
1935.29 26.46
1935.38 26.62
1935.46 26.12
1935.54 25.28
1935.62 25.50
1935.71 25.42
1935.79 25.00
1935.88 25.20
1935.96 25.12
1936.04 25.55
1936.12 26.29
1936.21 26.98
1936.29 27.65
1936.38 27.27
1936.46 25.91
1936.54 25.16
1936.62 24.39
1936.71 24.41
1936.79 25.16
1936.88 24.74
1936.96 24.38
1937.04 25.51
1937.12 25.87
1937.21 26.99
1937.29 28.47
1937.38 26.49
1937.46 26.41
1937.54 25.56
1937.62 24.15
1937.71 24.61
1937.79 24.64
1937.88 24.28
1937.96 24.76
1938.04 24.32
1938.12 26.04
1938.21 26.67
1938.29 26.75
1938.38 26.83
1938.46 25.59
1938.54 23.41
1938.62 23.39
1938.71 23.77
1938.79 24.34
1938.88 23.65
1938.96 24.88
1939.04 24.88
1939.12 25.61
1939.21 26.10
1939.29 28.10
1939.38 27.47
1939.46 26.66
1939.54 25.59
1939.62 25.49
1939.71 24.79
1939.79 25.17
1939.88 25.04
1939.96 25.59
1940.04 27.88
1940.12 27.54
1940.21 28.74
1940.29 29.12
1940.38 27.75
1940.46 27.31
1940.54 25.93
1940.62 25.30
1940.71 25.49
1940.79 25.77
1940.88 24.78
1940.96 25.22
1941.04 27.28
1941.12 26.57
1941.21 27.91
1941.29 28.51
1941.38 28.09
1941.46 25.83
1941.54 24.65
1941.62 24.84
1941.71 25.06
1941.79 25.40
1941.88 25.79
1941.96 26.29
1942.04 26.17
1942.12 26.67
1942.21 26.92
1942.29 27.56
1942.38 26.51
1942.46 25.53
1942.54 24.61
1942.62 23.47
1942.71 22.71
1942.79 23.07
1942.88 23.47
1942.96 23.83
1943.04 24.67
1943.12 25.09
1943.21 26.09
1943.29 27.40
1943.38 27.23
1943.46 26.89
1943.54 25.98
1943.62 24.84
1943.71 23.94
1943.79 24.75
1943.88 24.55
1943.96 24.77
1944.04 24.96
1944.12 26.69
1944.21 27.19
1944.29 28.25
1944.38 26.85
1944.46 26.57
1944.54 25.93
1944.62 25.39
1944.71 24.52
1944.79 24.20
1944.88 24.07
1944.96 24.78
1945.04 24.78
1945.12 25.90
1945.21 26.40
1945.29 27.50
1945.38 27.31
1945.46 26.76
1945.54 24.92
1945.62 25.14
1945.71 24.91
1945.79 24.58
1945.88 24.28
1945.96 24.94
1946.04 25.91
1946.12 26.35
1946.21 27.01
1946.29 27.43
1946.38 26.47
1946.46 25.95
1946.54 24.79
1946.62 24.37
1946.71 23.58
1946.79 24.21
1946.88 24.14
1946.96 24.87
1947.04 25.44
1947.12 26.27
1947.21 27.03
1947.29 27.03
1947.38 26.47
1947.46 26.36
1947.54 25.31
1947.62 24.47
1947.71 24.09
1947.79 24.05
1947.88 24.07
1947.96 24.64
1948.04 25.18
1948.12 26.50
1948.21 27.30
1948.29 27.73
1948.38 26.70
1948.46 26.02
1948.54 25.07
1948.62 24.82
1948.71 24.07
1948.79 23.80
1948.88 23.95
1948.96 24.97
1949.04 24.74
1949.12 26.33
1949.21 26.17
1949.29 27.25
1949.38 26.63
1949.46 25.53
1949.54 24.65
1949.62 24.60
1949.71 23.93
1949.79 23.77
1949.88 23.12
1949.96 23.58
1950.04 24.12
1950.12 24.65
1950.21 26.24
1950.29 26.39
1950.38 25.62
1950.46 25.52
1950.54 24.99
1950.62 24.72
1950.71 24.04
1950.79 24.14
1950.88 23.75
1950.96 24.27
1951.04 25.13
1951.12 26.03
1951.21 26.79
1951.29 27.07
1951.38 26.96
1951.46 26.53
1951.54 26.19
1951.62 25.42
1951.71 25.22
1951.79 25.77
1951.88 25.43
1951.96 25.67
1952.04 25.68
1952.12 26.51
1952.21 26.99
1952.29 27.34
1952.38 26.63
1952.46 26.02
1952.54 24.90
1952.62 24.59
1952.71 24.42
1952.79 24.71
1952.88 24.47
1952.96 24.53
1953.04 25.65
1953.12 26.81
1953.21 27.15
1953.29 27.80
1953.38 27.15
1953.46 26.89
1953.54 25.64
1953.62 24.90
1953.71 25.38
1953.79 24.86
1953.88 25.19
1953.96 25.20
1954.04 25.56
1954.12 25.95
1954.21 26.78
1954.29 26.24
1954.38 26.07
1954.46 25.53
1954.54 24.62
1954.62 24.04
1954.71 23.84
1954.79 24.08
1954.88 24.08
1954.96 24.24
1955.04 25.03
1955.12 26.08
1955.21 26.44
1955.29 26.92
1955.38 26.15
1955.46 25.66
1955.54 24.97
1955.62 24.30
1955.71 23.60
1955.79 23.22
1955.88 23.14
1955.96 23.75
1956.04 24.64
1956.12 25.96
1956.21 26.87
1956.29 27.13
1956.38 26.62
1956.46 26.22
1956.54 24.92
1956.62 24.45
1956.71 24.28
1956.79 24.52
1956.88 24.09
1956.96 24.64
1957.04 24.95
1957.12 26.16
1957.21 27.39
1957.29 27.77
1957.38 27.45
1957.46 27.11
1957.54 26.71
1957.62 26.28
1957.71 25.76
1957.79 25.58
1957.88 26.11
1957.96 26.41
1958.04 26.91
1958.12 27.41
1958.21 27.73
1958.29 27.75
1958.38 27.17
1958.46 26.52
1958.54 25.62
1958.62 25.08
1958.71 24.48
1958.79 24.71
1958.88 24.88
1958.96 25.04
1959.04 25.77
1959.12 26.48
1959.21 27.04
1959.29 27.60
1959.38 27.20
1959.46 26.16
1959.54 25.20
1959.62 24.51
1959.71 24.41
1959.79 24.77
1959.88 24.73
1959.96 24.98
1960.04 25.59
1960.12 26.06
1960.21 27.10
1960.29 27.11
1960.38 26.72
1960.46 26.17
1960.54 25.26
1960.62 24.95
1960.71 24.92
1960.79 24.43
1960.88 24.26
1960.96 24.78
1961.04 25.25
1961.12 26.41
1961.21 26.84
1961.29 27.77
1961.38 27.03
1961.46 26.85
1961.54 25.05
1961.62 24.36
1961.71 24.00
1961.79 24.15
1961.88 24.63
1961.96 24.80
1962.04 25.30
1962.12 25.99
1962.21 26.38
1962.29 26.68
1962.38 26.40
1962.46 25.95
1962.54 25.23
1962.62 24.86
1962.71 24.26
1962.79 24.48
1962.88 24.15
1962.96 24.23
1963.04 25.12
1963.12 25.91
1963.21 27.09
1963.29 27.62
1963.38 27.31
1963.46 26.95
1963.54 26.43
1963.62 25.95
1963.71 25.67
1963.79 25.78
1963.88 25.75
1963.96 26.12
1964.04 26.02
1964.12 26.64
1964.21 26.71
1964.29 26.71
1964.38 25.65
1964.46 25.18
1964.54 25.01
1964.62 23.96
1964.71 24.03
1964.79 24.12
1964.88 23.84
1964.96 23.80
1965.04 24.95
1965.12 26.03
1965.21 26.85
1965.29 27.47
1965.38 27.51
1965.46 27.08
1965.54 26.43
1965.62 26.31
1965.71 25.95
1965.79 26.13
1965.88 26.30
1965.96 26.44
1966.04 26.52
1966.12 26.74
1966.21 27.23
1966.29 27.54
1966.38 26.46
1966.46 26.16
1966.54 25.40
1966.62 24.59
1966.71 24.24
1966.79 24.50
1966.88 24.38
1966.96 24.47
1967.04 25.04
1967.12 25.96
1967.21 26.50
1967.29 26.62
1967.38 26.52
1967.46 26.27
1967.54 25.11
1967.62 24.26
1967.71 23.90
1967.79 23.95
1967.88 24.03
1967.96 24.12
1968.04 24.34
1968.12 25.05
1968.21 25.98
1968.29 26.88
1968.38 26.27
1968.46 26.49
1968.54 25.98
1968.62 25.40
1968.71 25.11
1968.79 25.17
1968.88 25.51
1968.96 25.90
1969.04 26.28
1969.12 27.01
1969.21 27.71
1969.29 27.87
1969.38 27.87
1969.46 27.09
1969.54 25.87
1969.62 25.36
1969.71 25.42
1969.79 25.77
1969.88 25.69
1969.96 26.00
1970.04 26.27
1970.12 26.68
1970.21 27.18
1970.29 27.31
1970.38 26.41
1970.46 25.53
1970.54 23.74
1970.62 23.42
1970.71 23.60
1970.79 23.80
1970.88 23.58
1970.96 23.54
1971.04 24.18
1971.12 24.97
1971.21 25.98
1971.29 26.71
1971.38 26.19
1971.46 25.65
1971.54 25.10
1971.62 24.29
1971.71 24.11
1971.79 23.91
1971.88 23.74
1971.96 23.98
1972.04 25.03
1972.12 25.93
1972.21 26.86
1972.29 27.86
1972.38 27.63
1972.46 27.33
1972.54 26.91
1972.62 26.80
1972.71 26.37
1972.79 26.77
1972.88 26.90
1972.96 27.52
1973.04 27.04
1973.12 27.30
1973.21 27.48
1973.29 27.09
1973.38 25.94
1973.46 25.45
1973.54 24.44
1973.62 23.75
1973.71 23.60
1973.79 23.37
1973.88 23.15
1973.96 23.44
1974.04 23.89
1974.12 25.04
1974.21 26.22
1974.29 26.92
1974.38 26.74
1974.46 26.18
1974.54 25.29
1974.62 24.95
1974.71 24.41
1974.79 24.40
1974.88 24.40
1974.96 24.39
1975.04 25.16
1975.12 25.68
1975.21 26.45
1975.29 27.03
1975.38 25.97
1975.46 25.25
1975.54 24.68
1975.62 24.25
1975.71 23.75
1975.79 23.40
1975.88 23.74
1975.96 23.25
1976.04 23.59
1976.12 25.16
1976.21 26.46
1976.29 26.92
1976.38 26.68
1976.46 26.88
1976.54 26.24
1976.62 25.73
1976.71 25.70
1976.79 25.99
1976.88 25.94
1976.96 25.91
1977.04 26.49
1977.12 26.81
1977.21 27.42
1977.29 27.14
1977.38 26.82
1977.46 26.50
1977.54 25.59
1977.62 24.59
1977.71 24.47
1977.79 25.27
1977.88 25.24
1977.96 25.44
1978.04 26.02
1978.12 26.53
1978.21 27.02
1978.29 26.79
1978.38 26.38
1978.46 25.70
1978.54 24.87
1978.62 24.22
1978.71 24.14
1978.79 24.29
1978.88 24.78
1978.96 25.20
1979.04 25.46
1979.12 26.07
1979.21 27.09
1979.29 27.69
1979.38 27.01
1979.46 26.83
1979.54 25.53
1979.62 25.25
1979.71 25.82
1979.79 25.37
1979.88 25.35
1979.96 25.54
1980.04 26.01
1980.12 26.52
1980.21 27.13
1980.29 27.52
1980.38 27.26
1980.46 26.85
1980.54 25.58
1980.62 24.79
1980.71 24.70
1980.79 24.63
1980.88 25.04
1980.96 25.40
1981.04 25.11
1981.12 25.72
1981.21 26.94
1981.29 27.22
1981.38 26.77
1981.46 26.34
1981.54 25.06
1981.62 24.30
1981.71 24.57
1981.79 24.87
1981.88 24.75
1981.96 25.28
1982.04 26.13
1982.12 26.90
1982.21 27.37
1982.29 27.95
1982.38 27.89
1982.46 27.32
1982.54 25.67
1982.62 25.58
1982.71 26.31
1982.79 26.97
1982.88 27.05
1982.96 27.69
1983.04 28.34
1983.12 28.62
1983.21 29.04
1983.29 29.17
1983.38 29.00
1983.46 28.10
1983.54 26.18
1983.62 25.40
1983.71 25.10
1983.79 24.48
1983.88 24.48
1983.96 24.85
1984.04 25.22
1984.12 26.71
1984.21 27.56
1984.29 27.69
1984.38 26.73
1984.46 25.68
1984.54 25.09
1984.62 24.45
1984.71 24.75
1984.79 24.35
1984.88 24.37
1984.96 24.18
1985.04 24.91
1985.12 26.09
1985.21 27.29
1985.29 27.05
1985.38 26.60
1985.46 25.75
1985.54 24.50
1985.62 23.83
1985.71 24.09
1985.79 24.20
1985.88 24.77
1985.96 24.89
1986.04 25.29
1986.12 26.26
1986.21 27.21
1986.29 27.99
1986.38 27.01
1986.46 26.26
1986.54 25.37
1986.62 24.97
1986.71 25.35
1986.79 25.73
1986.88 25.97
1986.96 25.91
1987.04 26.33
1987.12 27.38
1987.21 28.25
1987.29 28.52
1987.38 28.23
1987.46 26.89
1987.54 26.27
1987.62 25.76
1987.71 26.08
1987.79 25.95
1987.88 26.08
1987.96 26.33
1988.04 26.34
1988.12 26.52
1988.21 27.52
1988.29 27.58
1988.38 26.37
1988.46 24.90
1988.54 23.68
1988.62 23.41
1988.71 24.21
1988.79 23.82
1988.88 23.75
1988.96 23.98
1989.04 24.65
1989.12 26.02
1989.21 26.87
1989.29 27.16
1989.38 26.92
1989.46 26.46
1989.54 25.39
1989.62 24.04
1989.71 24.48
1989.79 24.73
1989.88 24.84
1989.96 25.23
1990.04 25.60
1990.12 27.09
1990.21 27.37
1990.29 28.07
1990.38 27.49
1990.46 26.64
1990.54 25.64
1990.62 24.97
1990.71 24.88
1990.79 24.93
1990.88 25.08
1990.96 25.70
1991.04 25.86
1991.12 26.90
1991.21 27.39
1991.29 27.98
1991.38 27.84
1991.46 27.27
1991.54 26.16
1991.62 25.27
1991.71 24.87
1991.79 25.41
1991.88 25.94
1991.96 26.03
1992.04 26.75
1992.12 27.48
1992.21 28.20
1992.29 28.65
1992.38 28.53
1992.46 27.32
1992.54 25.44
1992.62 24.58
1992.71 24.74
1992.79 24.94
1992.88 25.10
1992.96 25.50
1993.04 25.86
1993.12 27.01
1993.21 27.78
1993.29 28.46
1993.38 28.47
1993.46 26.91
1993.54 25.74
1993.62 24.99
1993.71 25.06
1993.79 25.12
1993.88 25.40
1993.96 25.44
1994.04 26.00
1994.12 26.93
1994.21 27.42
1994.29 27.87
1994.38 27.32
1994.46 26.49
1994.54 25.16
1994.62 24.48
1994.71 24.63
1994.79 25.47
1994.88 26.04
1994.96 26.15
1995.04 26.45
1995.12 27.07
1995.21 27.45
1995.29 27.48
1995.38 26.96
1995.46 26.41
1995.54 25.21
1995.62 24.32
1995.71 24.20
1995.79 24.50
1995.88 24.63
1995.96 24.75
1996.04 25.34
1996.12 26.32
1996.21 27.25
1996.29 27.34
1996.38 26.52
1996.46 26.40
1996.54 25.32
1996.62 24.52
1996.71 24.38
1996.79 24.86
1996.88 24.80
1996.96 24.69
1997.04 24.72
1997.12 25.87
1997.21 27.09
1997.29 27.69
1997.38 28.16
1997.46 28.29
