Tropical Solar Radiative Forcing
Column 1: Calendar Year AD
Column 2: Tropical Solar Radiative Forcing Anomaly, W/m2
   Year     Solar Radiative Forcing
   1000     0.044
   1001     0.042
   1002     0.041
   1003      0.04
   1004     0.039
   1005     0.033
   1006     0.026
   1007      0.02
   1008     0.014
   1009     0.008
   1010     0.002
   1011    -0.004
   1012    -0.011
   1013    -0.014
   1014    -0.017
   1015     -0.02
   1016    -0.023
   1017    -0.026
   1018    -0.029
   1019    -0.032
   1020    -0.035
   1021    -0.038
   1022    -0.041
   1023    -0.044
   1024    -0.047
   1025    -0.051
   1026    -0.053
   1027    -0.057
   1028     -0.06
   1029    -0.063
   1030    -0.066
   1031    -0.069
   1032    -0.073
   1033    -0.076
   1034    -0.079
   1035    -0.082
   1036    -0.084
   1037    -0.086
   1038    -0.087
   1039    -0.089
   1040    -0.091
   1041    -0.093
   1042    -0.094
   1043    -0.096
   1044    -0.098
   1045    -0.099
   1046      -0.1
   1047    -0.101
   1048    -0.102
   1049    -0.103
   1050    -0.104
   1051    -0.106
   1052    -0.107
   1053    -0.108
   1054    -0.109
   1055    -0.108
   1056    -0.108
   1057    -0.108
   1058    -0.107
   1059    -0.107
   1060    -0.106
   1061    -0.106
   1062    -0.105
   1063    -0.097
   1064    -0.089
   1065    -0.081
   1066    -0.072
   1067    -0.064
   1068    -0.056
   1069    -0.048
   1070     -0.04
   1071    -0.032
   1072    -0.024
   1073    -0.015
   1074    -0.007
   1075     0.001
   1076     0.006
   1077     0.012
   1078     0.018
   1079     0.024
   1080     0.029
   1081     0.035
   1082     0.041
   1083     0.046
   1084     0.048
   1085      0.05
   1086     0.053
   1087     0.055
   1088     0.057
   1089     0.059
   1090     0.061
   1091     0.063
   1092     0.065
   1093     0.068
   1094     0.071
   1095     0.074
   1096     0.077
   1097     0.079
   1098     0.082
   1099     0.085
   1100     0.088
   1101     0.091
   1102     0.094
   1103     0.096
   1104     0.099
   1105     0.102
   1106     0.105
   1107     0.108
   1108     0.111
   1109     0.118
   1110     0.126
   1111     0.133
   1112     0.141
   1113     0.148
   1114     0.156
   1115     0.156
   1116     0.157
   1117     0.157
   1118     0.157
   1119     0.158
   1120     0.158
   1121     0.159
   1122     0.159
   1123     0.159
   1124      0.16
   1125     0.161
   1126     0.162
   1127     0.162
   1128     0.164
   1129     0.165
   1130     0.166
   1131     0.167
   1132     0.168
   1133     0.171
   1134     0.175
   1135     0.177
   1136     0.179
   1137     0.181
   1138     0.182
   1139     0.183
   1140     0.183
   1141     0.184
   1142     0.184
   1143     0.185
   1144     0.185
   1145     0.186
   1146     0.186
   1147     0.185
   1148     0.183
   1149     0.181
   1150      0.18
   1151     0.178
   1152     0.176
   1153     0.174
   1154     0.173
   1155     0.171
   1156     0.165
   1157     0.162
   1158     0.156
   1159      0.15
   1160     0.146
   1161     0.141
   1162     0.143
   1163     0.145
   1164     0.148
   1165      0.15
   1166     0.152
   1167     0.149
   1168     0.147
   1169     0.144
   1170     0.141
   1171     0.138
   1172     0.135
   1173     0.132
   1174     0.129
   1175     0.131
   1176     0.132
   1177     0.133
   1178     0.135
   1179     0.136
   1180     0.137
   1181     0.137
   1182     0.137
   1183     0.137
   1184     0.137
   1185     0.137
   1186     0.137
   1187     0.137
   1188     0.137
   1189     0.137
   1190     0.137
   1191     0.137
   1192      0.14
   1193     0.143
   1194     0.147
   1195      0.15
   1196     0.153
   1197     0.156
   1198     0.158
   1199      0.16
   1200     0.162
   1201     0.164
   1202     0.165
   1203     0.167
   1204     0.166
   1205     0.165
   1206     0.164
   1207     0.163
   1208     0.162
   1209     0.161
   1210     0.159
   1211     0.158
   1212     0.157
   1213     0.156
   1214     0.156
   1215     0.156
   1216     0.156
   1217     0.156
   1218     0.156
   1219     0.156
   1220     0.156
   1221     0.156
   1222     0.156
   1223     0.156
   1224     0.156
   1225     0.156
   1226     0.156
   1227     0.156
   1228     0.156
   1229     0.156
   1230     0.156
   1231     0.156
   1232     0.156
   1233      0.16
   1234     0.154
   1235     0.147
   1236      0.14
   1237     0.133
   1238     0.131
   1239     0.128
   1240     0.125
   1241     0.123
   1242      0.12
   1243     0.118
   1244     0.115
   1245     0.112
   1246      0.11
   1247     0.107
   1248     0.105
   1249     0.102
   1250     0.099
   1251     0.097
   1252     0.094
   1253     0.092
   1254     0.081
   1255     0.071
   1256      0.06
   1257      0.05
   1258     0.048
   1259     0.046
   1260     0.044
   1261     0.042
   1262     0.043
   1263     0.043
   1264     0.043
   1265     0.044
   1266     0.044
   1267     0.044
   1268     0.045
   1269     0.045
   1270     0.045
   1271     0.046
   1272     0.046
   1273     0.046
   1274     0.044
   1275     0.042
   1276      0.04
   1277     0.038
   1278     0.035
   1279     0.033
   1280     0.031
   1281      0.03
   1282     0.029
   1283     0.028
   1284     0.027
   1285     0.026
   1286     0.025
   1287     0.024
   1288     0.022
   1289      0.02
   1290     0.019
   1291     0.017
   1292     0.015
   1293     0.014
   1294     0.012
   1295      0.01
   1296     0.008
   1297     0.006
   1298     0.005
   1299     0.003
   1300     0.001
   1301    -0.001
   1302    -0.002
   1303    -0.004
   1304    -0.005
   1305    -0.007
   1306    -0.008
   1307     -0.01
   1308    -0.011
   1309    -0.013
   1310    -0.014
   1311    -0.016
   1312    -0.017
   1313    -0.019
   1314    -0.021
   1315    -0.022
   1316    -0.024
   1317    -0.025
   1318    -0.027
   1319    -0.029
   1320     -0.03
   1321    -0.032
   1322    -0.033
   1323    -0.033
   1324    -0.033
   1325    -0.032
   1326    -0.032
   1327    -0.032
   1328    -0.031
   1329    -0.031
   1330    -0.031
   1331     -0.03
   1332     -0.03
   1333     -0.03
   1334    -0.029
   1335    -0.021
   1336    -0.013
   1337    -0.004
   1338     0.004
   1339     0.012
   1340     0.013
   1341     0.013
   1342     0.014
   1343     0.014
   1344     0.015
   1345     0.015
   1346     0.016
   1347     0.017
   1348     0.019
   1349      0.02
   1350     0.022
   1351     0.024
   1352     0.025
   1353     0.027
   1354     0.028
   1355      0.03
   1356     0.031
   1357     0.033
   1358     0.036
   1359     0.038
   1360      0.04
   1361     0.042
   1362     0.044
   1363     0.047
   1364     0.049
   1365     0.051
   1366     0.053
   1367     0.056
   1368     0.058
   1369      0.06
   1370     0.062
   1371     0.064
   1372     0.067
   1373     0.069
   1374     0.069
   1375     0.068
   1376     0.068
   1377     0.067
   1378     0.067
   1379     0.067
   1380     0.066
   1381     0.066
   1382     0.066
   1383     0.065
   1384     0.064
   1385     0.062
   1386     0.061
   1387     0.059
   1388     0.058
   1389     0.057
   1390     0.055
   1391     0.054
   1392     0.049
   1393     0.044
   1394     0.039
   1395     0.034
   1396     0.027
   1397     0.018
   1398     0.009
   1399         0
   1400    -0.007
   1401    -0.009
   1402    -0.011
   1403    -0.013
   1404    -0.015
   1405    -0.018
   1406     -0.02
   1407    -0.022
   1408    -0.024
   1409    -0.025
   1410    -0.027
   1411    -0.028
   1412     -0.03
   1413    -0.032
   1414    -0.033
   1415    -0.041
   1416    -0.048
   1417    -0.056
   1418    -0.064
   1419    -0.071
   1420    -0.079
   1421    -0.081
   1422    -0.083
   1423    -0.085
   1424    -0.087
   1425    -0.089
   1426    -0.092
   1427    -0.094
   1428    -0.104
   1429    -0.114
   1430    -0.124
   1431    -0.134
   1432    -0.144
   1433    -0.154
   1434    -0.162
   1435     -0.17
   1436    -0.178
   1437    -0.187
   1438    -0.195
   1439    -0.203
   1440    -0.211
   1441    -0.219
   1442     -0.22
   1443    -0.222
   1444    -0.223
   1445    -0.225
   1446    -0.226
   1447    -0.226
   1448    -0.225
   1449    -0.224
   1450    -0.223
   1451    -0.222
   1452    -0.225
   1453    -0.227
   1454    -0.229
   1455    -0.231
   1456    -0.233
   1457    -0.235
   1458    -0.238
   1459    -0.234
   1460     -0.23
   1461    -0.226
   1462    -0.222
   1463    -0.219
   1464    -0.216
   1465    -0.214
   1466    -0.211
   1467    -0.209
   1468    -0.206
   1469    -0.204
   1470    -0.195
   1471    -0.187
   1472    -0.179
   1473    -0.171
   1474    -0.163
   1475    -0.155
   1476    -0.147
   1477    -0.135
   1478    -0.124
   1479    -0.113
   1480    -0.101
   1481     -0.09
   1482    -0.091
   1483    -0.092
   1484    -0.093
   1485    -0.094
   1486    -0.095
   1487    -0.096
   1488    -0.097
   1489    -0.098
   1490    -0.099
   1491      -0.1
   1492    -0.101
   1493    -0.102
   1494    -0.103
   1495    -0.103
   1496    -0.104
   1497    -0.105
   1498    -0.105
   1499    -0.106
   1500    -0.106
   1501    -0.107
   1502    -0.108
   1503    -0.108
   1504    -0.109
   1505    -0.108
   1506    -0.108
   1507    -0.107
   1508    -0.107
   1509    -0.106
   1510    -0.106
   1511    -0.105
   1512    -0.108
   1513    -0.112
   1514    -0.115
   1515    -0.118
   1516    -0.121
   1517    -0.125
   1518    -0.128
   1519    -0.129
   1520    -0.131
   1521    -0.132
   1522    -0.134
   1523    -0.135
   1524    -0.136
   1525    -0.138
   1526    -0.139
   1527    -0.142
   1528    -0.145
   1529    -0.148
   1530    -0.151
   1531    -0.153
   1532    -0.156
   1533    -0.159
   1534    -0.162
   1535    -0.164
   1536    -0.166
   1537    -0.168
   1538    -0.169
   1539    -0.171
   1540    -0.173
   1541    -0.172
   1542    -0.171
   1543    -0.169
   1544    -0.168
   1545    -0.167
   1546    -0.166
   1547    -0.164
   1548    -0.163
   1549    -0.162
   1550    -0.162
   1551    -0.162
   1552    -0.162
   1553    -0.162
   1554    -0.162
   1555    -0.162
   1556    -0.162
   1557    -0.162
   1558    -0.162
   1559    -0.162
   1560     -0.16
   1561    -0.157
   1562    -0.155
   1563    -0.153
   1564    -0.151
   1565    -0.149
   1566    -0.146
   1567    -0.144
   1568    -0.142
   1569     -0.14
   1570    -0.137
   1571    -0.135
   1572    -0.133
   1573    -0.131
   1574    -0.129
   1575    -0.126
   1576    -0.124
   1577    -0.118
   1578    -0.112
   1579    -0.106
   1580    -0.099
   1581    -0.093
   1582    -0.087
   1583    -0.081
   1584    -0.075
   1585    -0.071
   1586    -0.066
   1587    -0.062
   1588    -0.058
   1589    -0.054
   1590     -0.05
   1591    -0.045
   1592    -0.041
   1593    -0.037
   1594    -0.031
   1595    -0.024
   1596    -0.018
   1597    -0.011
   1598    -0.005
   1599     0.002
   1600     0.008
   1601      0.01
   1602     0.011
   1603     0.013
   1604     0.014
   1605     0.015
   1606     0.017
   1607     0.018
   1608      0.02
   1609     0.022
   1610     0.024
   1611     0.026
   1612     0.028
   1613      0.03
   1614     0.033
   1615     0.035
   1616     0.037
   1617     0.039
   1618     0.041
   1619     0.043
   1620     0.045
   1621     0.047
   1622      0.05
   1623     0.052
   1624     0.054
   1625     0.055
   1626     0.056
   1627     0.057
   1628     0.058
   1629     0.059
   1630      0.06
   1631     0.061
   1632     0.055
   1633     0.048
   1634     0.042
   1635     0.035
   1636     0.029
   1637     0.022
   1638     0.016
   1639     0.013
   1640     0.009
   1641     0.006
   1642     0.003
   1643         0
   1644    -0.004
   1645    -0.007
   1646    -0.012
   1647    -0.016
   1648    -0.021
   1649    -0.026
   1650    -0.031
   1651    -0.036
   1652    -0.041
   1653    -0.048
   1654    -0.056
   1655    -0.064
   1656    -0.071
   1657    -0.079
   1658    -0.086
   1659    -0.094
   1660    -0.094
   1661    -0.095
   1662    -0.095
   1663    -0.096
   1664    -0.096
   1665    -0.097
   1666    -0.097
   1667    -0.098
   1668      -0.1
   1669    -0.103
   1670    -0.105
   1671    -0.108
   1672     -0.11
   1673    -0.113
   1674    -0.123
   1675    -0.134
   1676    -0.143
   1677    -0.142
   1678    -0.141
   1679     -0.14
   1680    -0.139
   1681    -0.142
   1682    -0.144
   1683    -0.146
   1684    -0.149
   1685    -0.151
   1686    -0.154
   1687    -0.156
   1688    -0.158
   1689    -0.151
   1690    -0.147
   1691    -0.145
   1692    -0.143
   1693    -0.141
   1694    -0.139
   1695    -0.137
   1696    -0.135
   1697    -0.133
   1698    -0.131
   1699    -0.129
   1700    -0.127
   1701    -0.125
   1702    -0.123
   1703    -0.121
   1704    -0.119
   1705    -0.116
   1706    -0.112
   1707    -0.108
   1708    -0.104
   1709    -0.099
   1710    -0.095
   1711    -0.091
   1712    -0.086
   1713    -0.081
   1714    -0.076
   1715    -0.071
   1716    -0.065
   1717     -0.06
   1718    -0.055
   1719     -0.05
   1720    -0.045
   1721    -0.046
   1722    -0.046
   1723    -0.047
   1724    -0.029
   1725    -0.025
   1726      0.01
   1727     0.007
   1728     0.022
   1729    -0.002
   1730     0.057
   1731     0.033
   1732    -0.001
   1733    -0.015
   1734    -0.015
   1735     0.007
   1736     0.046
   1737      0.01
   1738     0.003
   1739     0.053
   1740     0.061
   1741     0.069
   1742     0.042
   1743     0.043
   1744     0.047
   1745     0.061
   1746     0.055
   1747     0.061
   1748     0.188
   1749     0.152
   1750     0.157
   1751     0.122
   1752      0.11
   1753     0.093
   1754     0.072
   1755     0.061
   1756     0.058
   1757     0.069
   1758     0.082
   1759     0.092
   1760     0.083
   1761     0.097
   1762     0.086
   1763     0.076
   1764     0.073
   1765     0.057
   1766     0.059
   1767     0.098
   1768     0.135
   1769     0.165
   1770      0.17
   1771      0.16
   1772     0.148
   1773      0.12
   1774     0.114
   1775     0.092
   1776     0.103
   1777     0.126
   1778     0.184
   1779     0.179
   1780     0.145
   1781     0.163
   1782     0.123
   1783     0.111
   1784     0.095
   1785     0.112
   1786     0.174
   1787     0.209
   1788     0.204
   1789       0.2
   1790     0.183
   1791     0.154
   1792     0.148
   1793     0.121
   1794     0.114
   1795     0.087
   1796     0.072
   1797     0.052
   1798     0.035
   1799     0.023
   1800      0.02
   1801     0.052
   1802     0.025
   1803    -0.013
   1804    -0.019
   1805    -0.024
   1806     -0.05
   1807    -0.063
   1808    -0.069
   1809    -0.075
   1810    -0.079
   1811     -0.08
   1812    -0.076
   1813    -0.072
   1814    -0.071
   1815    -0.064
   1816    -0.042
   1817    -0.042
   1818    -0.045
   1819    -0.043
   1820    -0.048
   1821    -0.048
   1822    -0.044
   1823    -0.039
   1824    -0.027
   1825    -0.008
   1826     0.016
   1827     0.042
   1828     0.066
   1829     0.079
   1830     0.096
   1831     0.084
   1832     0.078
   1833     0.074
   1834      0.09
   1835     0.139
   1836     0.204
   1837     0.219
   1838     0.193
   1839     0.184
   1840     0.169
   1841     0.145
   1842     0.133
   1843     0.118
   1844     0.116
   1845     0.128
   1846     0.135
   1847      0.15
   1848     0.174
   1849      0.17
   1850     0.134
   1851     0.135
   1852     0.125
   1853     0.107
   1854     0.085
   1855      0.07
   1856      0.07
   1857     0.088
   1858     0.119
   1859     0.161
   1860     0.171
   1861     0.155
   1862     0.132
   1863     0.124
   1864     0.117
   1865     0.101
   1866     0.092
   1867     0.083
   1868     0.107
   1869     0.143
   1870     0.183
   1871     0.171
   1872     0.161
   1873     0.126
   1874     0.101
   1875     0.067
   1876     0.061
   1877     0.058
   1878     0.041
   1879     0.041
   1880     0.058
   1881     0.082
   1882     0.068
   1883      0.05
   1884     0.062
   1885     0.057
   1886      0.04
   1887     0.035
   1888     0.033
   1889     0.038
   1890     0.043
   1891     0.075
   1892     0.105
   1893     0.107
   1894     0.112
   1895      0.11
   1896     0.101
   1897     0.068
   1898     0.074
   1899     0.064
   1900     0.056
   1901      0.04
   1902     0.035
   1903     0.054
   1904     0.075
   1905     0.049
   1906     0.069
   1907     0.057
   1908     0.065
   1909     0.061
   1910     0.049
   1911     0.047
   1912     0.054
   1913     0.064
   1914     0.076
   1915     0.124
   1916      0.15
   1917     0.182
   1918     0.178
   1919     0.147
   1920     0.132
   1921      0.12
   1922     0.106
   1923     0.104
   1924     0.104
   1925     0.114
   1926     0.117
   1927     0.141
   1928     0.127
   1929     0.114
   1930     0.121
   1931     0.117
   1932     0.112
   1933     0.112
   1934     0.131
   1935     0.159
   1936     0.217
   1937     0.215
   1938     0.219
   1939     0.218
   1940     0.228
   1941     0.223
   1942     0.211
   1943     0.194
   1944     0.201
   1945      0.23
   1946      0.24
   1947     0.292
   1948     0.325
   1949     0.306
   1950     0.284
   1951     0.263
   1952     0.254
   1953     0.242
   1954     0.239
   1955     0.274
   1956     0.349
   1957     0.394
   1958     0.379
   1959     0.336
   1960     0.343
   1961     0.303
   1962     0.273
   1963     0.258
   1964     0.233
   1965     0.227
   1966     0.247
   1967     0.259
   1968     0.269
   1969     0.269
   1970     0.248
   1971      0.22
   1972     0.233
   1973     0.208
   1974     0.212
   1975     0.196
   1976     0.198
   1977     0.234
   1978     0.319
   1979     0.405
   1980     0.412
   1981     0.382
   1982     0.337
   1983     0.321
   1984     0.281
   1985     0.262
   1986     0.256
   1987     0.284
   1988      0.37
   1989     0.423
   1990     0.418
   1991     0.395
   1992     0.354
   1993     0.312
   1994     0.276
   1995      0.27
   1996     0.259
   1997     0.273
   1998     0.322
   1999     0.322
