#Time(year) Number
  1749.125   63.53
  1749.375   74.73
  1749.625   79.00
  1749.875  106.43
  1750.125   79.47
  1750.375   92.77
  1750.625   93.20
  1750.875   68.13
  1751.125   52.93
  1751.375   55.93
  1751.625   49.87
  1751.875   31.90
  1752.125   52.00
  1752.375   52.87
  1752.625   44.93
  1752.875   41.40
  1753.125   40.57
  1753.375   35.23
  1753.625   29.67
  1753.875   17.23
  1754.125    1.57
  1754.375   20.37
  1754.625   13.10
  1754.875   13.83
  1755.125    9.40
  1755.375    2.17
  1755.625    9.87
  1755.875   16.83
  1756.125    8.33
  1756.375   11.60
  1756.625    7.27
  1756.875   13.57
  1757.125   20.50
  1757.375   26.97
  1757.625   38.67
  1757.875   43.57
  1758.125   46.20
  1758.375   54.57
  1758.625   48.40
  1758.875   41.23
  1759.125   46.37
  1759.375   48.67
  1759.625   66.50
  1759.875   54.33
  1760.125   67.17
  1760.375   59.53
  1760.625   67.63
  1760.875   57.10
  1761.125   80.57
  1761.375   92.73
  1761.625   95.30
  1761.875   74.80
  1762.125   54.10
  1762.375   59.07
  1762.625   56.67
  1762.875   74.77
  1763.125   40.87
  1763.375   33.80
  1763.625   49.60
  1763.875   56.20
  1764.125   53.20
  1764.375   36.23
  1764.625   29.40
  1764.875   26.57
  1765.125   25.00
  1765.375   20.73
  1765.625   24.23
  1765.875   13.67
  1766.125   19.87
  1766.375   11.93
  1766.625    3.87
  1766.875    9.97
  1767.125   33.47
  1767.375   32.00
  1767.625   35.13
  1767.875   50.70
  1768.125   55.30
  1768.375   65.93
  1768.625   64.73
  1768.875   93.40
  1769.125   67.47
  1769.375   88.23
  1769.625  129.23
  1769.875  139.43
  1770.125  108.87
  1770.375   68.13
  1770.625  113.50
  1770.875  112.70
  1771.125   42.97
  1771.375  112.37
  1771.625   75.87
  1771.875   95.13
  1772.125   74.27
  1772.375   62.40
  1772.625   61.33
  1772.875   67.97
  1773.125   44.93
  1773.375   34.13
  1773.625   23.23
  1773.875   36.80
  1774.125   55.97
  1774.375   41.20
  1774.625   10.67
  1774.875   14.63
  1775.125    5.33
  1775.375    9.13
  1775.625    4.03
  1775.875    9.53
  1776.125   13.20
  1776.375   17.33
  1776.625   13.73
  1776.875   35.00
  1777.125   40.17
  1777.375   85.50
  1777.625  107.73
  1777.875  136.60
  1778.125  140.20
  1778.375  185.17
  1778.625  154.90
  1778.875  137.20
  1779.125  132.80
  1779.375  132.90
  1779.625  122.00
  1779.875  116.00
  1780.125   88.67
  1780.375   96.73
  1780.625   88.57
  1780.875   65.23
  1781.125   75.47
  1781.375   90.23
  1781.625   63.50
  1781.875   43.17
  1782.125   42.83
  1782.375   44.43
  1782.625   38.33
  1782.875   28.23
  1783.125   31.13
  1783.375   25.50
  1783.625   23.40
  1783.875   11.17
  1784.125   10.67
  1784.375    8.33
  1784.625    8.67
  1784.875   13.00
  1785.125    7.83
  1785.375   20.90
  1785.625   29.43
  1785.875   38.23
  1786.125   44.17
  1786.375   78.90
  1786.625   94.73
  1786.875  113.67
  1787.125  109.37
  1787.375  120.40
  1787.625  140.83
  1787.875  157.50
  1788.125  136.83
  1788.375  125.23
  1788.625  139.50
  1788.875  122.07
  1789.125  119.77
  1789.375  122.27
  1789.625  110.67
  1789.875  119.73
  1790.125  108.93
  1790.375   92.67
  1790.625   77.87
  1790.875   80.10
  1791.125   69.57
  1791.375   71.70
  1791.625   60.17
  1791.875   64.90
  1792.125   61.67
  1792.375   66.23
  1792.625   54.93
  1792.875   57.33
  1793.125   55.50
  1793.375   52.10
  1793.625   34.43
  1793.875   45.57
  1794.125   42.33
  1794.375   41.87
  1794.625   30.70
  1794.875   49.10
  1795.125   24.63
  1795.375   22.23
  1795.625   17.37
  1795.875   20.83
  1796.125   20.50
  1796.375   19.80
  1796.625   15.60
  1796.875    8.17
  1797.125    7.53
  1797.375    7.47
  1797.625    5.33
  1797.875    5.23
  1798.125    6.13
  1798.375     .37
  1798.625    1.80
  1798.875    7.97
  1799.125   11.97
  1799.375    9.07
  1799.625     .70
  1799.875    5.30
  1800.125   10.03
  1800.375    9.57
  1800.625   17.33
  1800.875   20.97
  1801.125   28.67
  1801.375   31.40
  1801.625   35.73
  1801.875   40.20
  1802.125   45.20
  1802.375   44.00
  1802.625   49.93
  1802.875   41.00
  1803.125   43.43
  1803.375   35.10
  1803.625   42.57
  1803.875   51.10
  1804.125   47.20
  1804.375   39.60
  1804.625   41.97
  1804.875   61.10
  1805.125   52.17
  1805.375   39.00
  1805.625   41.57
  1805.875   36.23
  1806.125   33.77
  1806.375   26.57
  1806.625   26.77
  1806.875   25.33
  1807.125   11.27
  1807.375   15.27
  1807.625   10.13
  1807.875    3.53
  1808.125    1.50
  1808.375   13.10
  1808.625    8.80
  1808.875    9.17
  1809.125    5.77
  1809.375    4.07
  1809.625     .30
  1809.875     .00
  1810.125     .00
  1810.375     .00
  1810.625     .00
  1810.875     .00
  1811.125     .00
  1811.375     .00
  1811.625    3.00
  1811.875    2.67
  1812.125    4.63
  1812.375     .77
  1812.625    7.10
  1812.875    7.30
  1813.125    4.07
  1813.375   11.10
  1813.625   14.00
  1813.875   19.60
  1814.125   13.30
  1814.375   14.83
  1814.625    9.63
  1814.875   17.97
  1815.125   25.87
  1815.375   32.43
  1815.625   38.07
  1815.875   45.23
  1816.125   56.27
  1816.375   48.90
  1816.625   36.60
  1816.875   41.47
  1817.125   63.50
  1817.375   29.20
  1817.625   43.90
  1817.875   27.63
  1818.125   27.57
  1818.375   41.33
  1818.625   28.53
  1818.875   22.77
  1819.125   19.07
  1819.375   24.93
  1819.625   24.13
  1819.875   27.73
  1820.125   16.77
  1820.375   19.83
  1820.625   17.23
  1820.875    8.63
  1821.125   10.47
  1821.375    4.23
  1821.625    3.90
  1821.875    7.80
  1822.125    5.67
  1822.375    6.87
  1822.625    3.33
  1822.875     .13
  1823.125     .20
  1823.375     .00
  1823.625     .17
  1823.875    6.80
  1824.125   10.83
  1824.375    7.40
  1824.625    7.30
  1824.875    8.67
  1825.125   14.30
  1825.375   11.57
  1825.625   24.10
  1825.875   16.43
  1826.125   24.20
  1826.375   31.17
  1826.625   37.00
  1826.875   52.73
  1827.125   46.60
  1827.375   53.00
  1827.625   48.53
  1827.875   50.13
  1828.125   60.73
  1828.375   82.73
  1828.625   60.33
  1828.875   52.87
  1829.125   54.90
  1829.375   78.77
  1829.625   73.73
  1829.875   60.43
  1830.125   69.63
  1830.375   79.23
  1830.625   52.23
  1830.875   82.57
  1831.125   63.67
  1831.375   42.00
  1831.625   46.03
  1831.875   39.57
  1832.125   47.20
  1832.375   31.63
  1832.625   10.37
  1832.875   20.97
  1833.125   12.67
  1833.375    5.57
  1833.625    8.10
  1833.875    7.77
  1834.125    8.97
  1834.375    6.00
  1834.625    8.07
  1834.875   29.93
  1835.125   17.23
  1835.375   46.10
  1835.625   73.20
  1835.875   90.90
  1836.125   98.13
  1836.375  126.33
  1836.625  106.53
  1836.875  154.83
  1837.125  166.07
  1837.375  135.97
  1837.625  131.03
  1837.875  120.17
  1838.125  123.50
  1838.375  119.57
  1838.625   86.87
  1838.875   82.67
  1839.125   95.27
  1839.375   56.73
  1839.625  116.23
  1839.875   74.47
  1840.125   78.90
  1840.375   61.20
  1840.625   64.17
  1840.875   54.33
  1841.125   27.90
  1841.375   54.47
  1841.625   35.53
  1841.875   29.03
  1842.125   21.40
  1842.375   24.10
  1842.625   19.20
  1842.875   32.07
  1843.125    8.37
  1843.375   13.70
  1843.625    8.50
  1843.875   12.37
  1844.125   12.57
  1844.375   12.03
  1844.625   17.37
  1844.875   17.93
  1845.125   37.53
  1845.375   45.30
  1845.625   30.83
  1845.875   46.60
  1846.125   51.20
  1846.375   64.77
  1846.625   69.47
  1846.875   60.60
  1847.125   64.40
  1847.375   68.47
  1847.625  117.90
  1847.875  142.97
  1848.125  126.50
  1848.375  112.77
  1848.625  124.03
  1848.875  135.50
  1849.125  128.30
  1849.375   88.07
  1849.625   79.80
  1849.875   89.17
  1850.125   83.33
  1850.375   58.57
  1850.625   62.30
  1850.875   62.27
  1851.125   81.83
  1851.375   60.77
  1851.625   53.80
  1851.875   61.63
  1852.125   65.33
  1852.375   55.73
  1852.625   39.77
  1852.875   55.67
  1853.125   40.57
  1853.375   40.77
  1853.625   43.27
  1853.875   31.50
  1854.125   18.70
  1854.375   23.87
  1854.625   18.97
  1854.875   20.80
  1855.125   13.70
  1855.375    6.27
  1855.625    1.17
  1855.875    5.63
  1856.125    1.93
  1856.375    3.90
  1856.625    4.97
  1856.875    6.47
  1857.125    8.77
  1857.375   18.57
  1857.625   27.17
  1857.875   36.40
  1858.125   43.80
  1858.375   41.40
  1858.625   64.03
  1858.875   70.00
  1859.125   87.20
  1859.375   87.93
  1859.625  102.60
  1859.875   97.60
  1860.125   89.87
  1860.375   95.70
  1860.625  103.07
  1860.875   94.53
  1861.125   80.33
  1861.375   81.13
  1861.625   80.13
  1861.875   67.13
  1862.125   57.07
  1862.375   67.37
  1862.625   67.50
  1862.875   44.47
  1863.125   57.13
  1863.375   45.07
  1863.625   34.27
  1863.875   39.60
  1864.125   57.03
  1864.375   44.73
  1864.625   46.00
  1864.875   40.03
  1865.125   42.50
  1865.375   32.50
  1865.625   28.73
  1865.875   18.17
  1866.125   31.53
  1866.375   15.67
  1866.625    9.77
  1866.875    8.20
  1867.125    3.30
  1867.375    3.17
  1867.625    6.53
  1867.875   16.10
  1868.125   19.27
  1868.375   31.47
  1868.625   36.87
  1868.875   62.77
  1869.125   57.83
  1869.375   84.43
  1869.625   73.13
  1869.875   80.57
  1870.125  116.60
  1870.375  157.20
  1870.625  140.73
  1870.875  141.30
  1871.125  118.93
  1871.375  133.20
  1871.625   97.80
  1871.875   94.93
  1872.125   96.00
  1872.375  106.53
  1872.625  104.33
  1872.875   99.50
  1873.125   97.33
  1873.375   56.30
  1873.625   60.73
  1873.875   50.57
  1874.125   57.13
  1874.375   38.27
  1874.625   52.37
  1874.875   30.83
  1875.125   23.30
  1875.375   21.50
  1875.625    9.83
  1875.875   13.43
  1876.125   19.97
  1876.375    3.00
  1876.625   11.30
  1876.875   10.80
  1877.125   15.00
  1877.375   17.20
  1877.625    9.73
  1877.875    7.70
  1878.125    5.90
  1878.375    4.13
  1878.625    1.80
  1878.875    1.90
  1879.125     .53
  1879.375    4.47
  1879.625    8.10
  1879.875   10.90
  1880.125   23.50
  1880.375   25.70
  1880.625   45.33
  1880.875   34.43
  1881.125   47.03
  1881.375   51.87
  1881.625   62.83
  1881.875   55.50
  1882.125   60.43
  1882.375   68.37
  1882.625   47.83
  1882.875   61.80
  1883.125   50.10
  1883.375   63.30
  1883.625   59.73
  1883.875   81.40
  1884.125   88.63
  1884.375   64.60
  1884.625   56.93
  1884.875   43.87
  1885.125   54.80
  1885.375   70.57
  1885.625   52.03
  1885.875   30.43
  1886.125   37.70
  1886.375   33.83
  1886.625   22.87
  1886.875    7.30
  1887.125    9.23
  1887.375   14.20
  1887.625   17.37
  1887.875   11.40
  1888.125    9.20
  1888.375    6.40
  1888.625    4.90
  1888.875    6.50
  1889.125    5.33
  1889.375    4.37
  1889.625   12.17
  1889.875    3.00
  1890.125    3.67
  1890.375    2.57
  1890.625   12.43
  1890.875    9.53
  1891.125   15.37
  1891.375   36.63
  1891.625   48.53
  1891.875   41.97
  1892.125   64.87
  1892.375   75.17
  1892.625   80.23
  1892.875   71.50
  1893.125   71.23
  1893.375   87.57
  1893.625   98.57
  1893.875   82.97
  1894.125   73.37
  1894.375   93.90
  1894.625   80.73
  1894.875   64.03
  1895.125   63.83
  1895.375   71.97
  1895.625   58.13
  1895.875   61.93
  1896.125   46.13
  1896.375   40.17
  1896.625   44.50
  1896.875   36.43
  1897.125   33.03
  1897.375   20.77
  1897.625   32.50
  1897.875   18.67
  1898.125   34.97
  1898.375   20.87
  1898.625   25.07
  1898.875   25.97
  1899.125   15.60
  1899.375   14.13
  1899.625    8.27
  1899.875   10.43
  1900.125   10.53
  1900.375   14.43
  1900.625    6.97
  1900.875    5.90
  1901.125    2.37
  1901.375    5.33
  1901.625     .77
  1901.875    2.50
  1902.125    5.97
  1902.375    1.40
  1902.625    3.60
  1902.875    9.23
  1903.125   12.93
  1903.375   19.00
  1903.625   22.60
  1903.875   43.00
  1904.125   31.10
  1904.375   41.47
  1904.625   46.30
  1904.875   48.93
  1905.125   65.70
  1905.375   45.43
  1905.625   62.27
  1905.875   80.47
  1906.125   47.10
  1906.375   58.73
  1906.625   69.13
  1906.875   40.47
  1907.125   81.77
  1907.375   45.30
  1907.625   63.00
  1907.875   58.07
  1908.125   33.93
  1908.375   48.83
  1908.625   72.30
  1908.875   39.10
  1909.125   56.53
  1909.375   30.30
  1909.625   32.57
  1909.875   56.13
  1910.125   26.43
  1910.375   14.30
  1910.625   17.27
  1910.875   16.33
  1911.125    6.73
  1911.375    9.23
  1911.625    3.83
  1911.875    3.00
  1912.125    1.73
  1912.375    4.33
  1912.625    4.27
  1912.875    4.03
  1913.125    1.90
  1913.375     .30
  1913.625    1.03
  1913.875    2.53
  1914.125    2.83
  1914.375   11.30
  1914.625    8.60
  1914.875   15.63
  1915.125   34.70
  1915.375   47.70
  1915.625   63.57
  1915.875   43.50
  1916.125   55.90
  1916.375   71.33
  1916.625   44.60
  1916.875   56.43
  1917.125   80.47
  1917.375  101.23
  1917.625  134.57
  1917.875   99.30
  1918.125   77.83
  1918.375   72.20
  1918.625   96.40
  1918.875   75.87
  1919.125   64.70
  1919.375   83.70
  1919.625   62.80
  1919.875   43.23
  1920.125   58.40
  1920.375   28.93
  1920.625   27.67
  1920.875   35.57
  1921.125   28.83
  1921.375   29.43
  1921.625   27.50
  1921.875   18.77
  1922.125   30.97
  1922.375    8.27
  1922.625    7.37
  1922.875   10.37
  1923.125    3.10
  1923.375    6.13
  1923.625    5.73
  1923.875    8.13
  1924.125    2.47
  1924.375   18.70
  1924.625   24.17
  1924.875   21.53
  1925.125   15.57
  1925.375   40.67
  1925.625   45.53
  1925.875   75.47
  1926.125   68.07
  1926.375   58.77
  1926.625   58.23
  1926.875   70.47
  1927.125   81.40
  1927.375   77.23
  1927.625   59.03
  1927.875   58.50
  1928.125   80.80
  1928.375   83.00
  1928.625   90.50
  1928.875   56.90
  1929.125   60.63
  1929.375   60.97
  1929.625   56.80
  1929.875   81.03
  1930.125   50.07
  1930.375   34.60
  1930.625   26.30
  1930.875   31.93
  1931.125   29.23
  1931.375   23.70
  1931.625   16.47
  1931.875   15.50
  1932.125   11.30
  1932.375   17.10
  1932.625    6.80
  1932.875    9.37
  1933.125   14.87
  1933.375    3.77
  1933.625    2.70
  1933.875    1.30
  1934.125    5.17
  1934.375   12.57
  1934.625    7.20
  1934.875    9.93
  1935.125   20.73
  1935.375   28.40
  1935.625   35.37
  1935.875   59.63
  1936.125   71.40
  1936.375   66.50
  1936.625   71.77
  1936.875  109.27
  1937.125  114.97
  1937.375  118.77
  1937.625  127.83
  1937.875   96.03
  1938.125  101.37
  1938.375  108.63
  1938.625  123.53
  1938.875  104.67
  1939.125   74.10
  1939.375  109.47
  1939.625  105.33
  1939.875   66.10
  1940.125   64.40
  1940.375   66.33
  1940.625   79.83
  1940.875   60.57
  1941.125   45.50
  1941.375   40.70
  1941.625   64.27
  1941.875   39.47
  1942.125   47.53
  1942.375   32.37
  1942.625   18.37
  1942.875   24.13
  1943.125   22.90
  1943.375   15.93
  1943.625   14.20
  1943.875   12.27
  1944.125    5.07
  1944.375    2.60
  1944.625   12.00
  1944.875   18.70
  1945.125   17.57
  1945.375   32.93
  1945.625   34.47
  1945.875   47.40
  1946.125   70.13
  1946.375   78.03
  1946.625  105.93
  1946.875  115.93
  1947.125  126.30
  1947.375  171.67
  1947.625  172.03
  1947.875  136.03
  1948.125   96.47
  1948.375  177.17
  1948.625  147.80
  1948.875  123.37
  1949.125  152.97
  1949.375  124.97
  1949.625  131.63
  1949.875  130.90
  1950.125  102.03
  1950.375  101.07
  1950.625   75.83
  1950.875   56.77
  1951.125   58.57
  1951.375  100.67
  1951.625   68.53
  1951.875   49.93
  1952.125   28.47
  1952.375   29.63
  1952.625   40.80
  1952.875   26.73
  1953.125   13.47
  1953.375   20.70
  1953.625   17.13
  1953.875    4.10
  1954.125    3.87
  1954.375     .93
  1954.625    4.90
  1954.875    7.93
  1955.125   16.27
  1955.375   23.97
  1955.625   36.70
  1955.875   74.87
  1956.125  105.33
  1956.375  121.30
  1956.625  157.30
  1956.875  182.90
  1957.125  150.87
  1957.375  180.17
  1957.625  193.67
  1957.875  234.70
  1958.125  186.03
  1958.375  180.93
  1958.625  197.60
  1958.875  173.80
  1959.125  182.07
  1959.375  168.00
  1959.625  164.80
  1959.875  120.13
  1960.125  118.17
  1960.375  117.27
  1960.625  127.67
  1960.875   86.00
  1961.125   52.33
  1961.375   63.27
  1961.625   63.20
  1961.875   36.73
  1962.125   44.87
  1962.375   44.03
  1962.625   31.63
  1962.875   29.87
  1963.125   20.43
  1963.375   36.07
  1963.625   30.53
  1963.875   24.53
  1964.125   16.50
  1964.375    9.07
  1964.625    5.70
  1964.875    9.53
  1965.125   14.47
  1965.375   15.60
  1965.625   12.53
  1965.875   17.63
  1966.125   25.97
  1966.375   47.23
  1966.625   52.70
  1966.875   61.60
  1967.125  105.43
  1967.375   74.43
  1967.625   91.83
  1967.875  102.97
  1968.125  108.63
  1968.375  106.23
  1968.625  107.53
  1968.875  101.17
  1969.125  120.23
  1969.375  110.93
  1969.625   95.37
  1969.875   95.70
  1970.125  114.07
  1970.375  114.60
  1970.625  101.67
  1970.875   88.43
  1971.125   77.00
  1971.375   59.70
  1971.625   64.20
  1971.875   65.70
  1972.125   76.67
  1972.375   77.23
  1972.625   72.43
  1972.875   49.40
  1973.125   44.10
  1973.375   46.53
  1973.625   36.00
  1973.875   25.97
  1974.125   24.97
  1974.375   38.60
  1974.625   43.20
  1974.875   30.87
  1975.125   13.97
  1975.375    8.50
  1975.625   27.27
  1975.875   12.10
  1976.125   11.43
  1976.375   14.47
  1976.625   10.60
  1976.875   13.70
  1977.125   16.07
  1977.375   23.33
  1977.625   31.83
  1977.875   38.70
  1978.125   74.00
  1978.375   92.50
  1978.625   88.90
  1978.875  115.23
  1979.125  147.37
  1979.375  128.47
  1979.625  163.33
  1979.875  181.93
  1980.125  146.93
  1980.375  167.10
  1980.625  142.23
  1980.875  162.33
  1981.125  130.27
  1981.375  124.93
  1981.625  156.60
  1981.875  150.00
  1982.125  142.87
  1982.375  104.87
  1982.625  110.83
  1982.875  106.60
  1983.125   67.27
  1983.375   90.33
  1983.625   68.10
  1983.875   40.83
  1984.125   75.30
  1984.375   64.07
  1984.625   26.20
  1984.875   17.83
  1985.125   16.53
  1985.375   22.63
  1985.625   15.23
  1985.875   17.37
  1986.125   13.60
  1986.375   11.10
  1986.625    9.77
  1986.875   19.13
  1987.125    9.17
  1987.375   30.00
  1987.625   35.20
  1987.875   42.53
  1988.125   58.40
  1988.375   83.30
  1988.625  115.17
  1988.875  143.13
  1989.125  152.60
  1989.375  155.10
  1989.625  157.50
  1989.875  165.97
  1990.125  149.37
  1990.375  125.97
  1990.625  158.30
  1990.875  135.53
  1991.125  148.77
  1991.375  143.67
  1991.625  158.43
  1991.875  132.23
  1992.125  139.27
  1992.375   79.60
  1992.625   71.37
  1992.875   87.70
  1993.125   73.37
  1993.375   57.77
  1993.625   40.83
  1993.875   46.97
  1994.125   41.67
  1994.375   20.63
  1994.625   27.77
  1994.875   29.40
  1995.125   28.40
  1995.375   14.70
  1995.625   13.53
  1995.875   13.37
