    Year   Month  Day   Area
    1979     1     5    699.13
    1979     1    10    627.79
    1979     1    15    576.27
    1979     1    20    510.95
    1979     1    25    458.48
    1979     1    31    405.78
    1979     2     5    356.69
    1979     2    10    334.65
    1979     2    15    313.87
    1979     2    20    315.17
    1979     2    25    306.07
    1979     2    28    304.21
    1979     3     5    339.64
    1979     3    10    356.25
    1979     3    15    387.31
    1979     3    20    417.62
    1979     3    25    489.96
    1979     3    31    554.17
    1979     4     5    595.84
    1979     4    10    688.29
    1979     4    15    744.89
    1979     4    20    814.65
    1979     4    25    866.72
    1979     4    30    916.05
    1979     5     5    943.95
    1979     5    10   1020.01
    1979     5    15   1078.14
    1979     5    20   1138.32
    1979     5    25   1173.05
    1979     5    31   1247.36
    1979     6     5   1336.13
    1979     6    10   1369.86
    1979     6    15   1408.86
    1979     6    20   1468.44
    1979     6    25   1554.04
    1979     6    30   1574.39
    1979     7     5   1603.65
    1979     7    10   1632.66
    1979     7    15   1667.95
    1979     7    20   1697.30
    1979     7    25   1717.01
    1979     7    31   1722.97
    1979     8     5   1714.97
    1979     8    10   1740.50
    1979     8    15   1779.33
    1979     8    20   1832.75
    1979     8    25   1847.68
    1979     8    31   1834.66
    1979     9     5   1845.97
    1979     9    10   1846.98
    1979     9    15   1848.14
    1979     9    20   1820.00
    1979     9    25   1832.95
    1979     9    30   1847.52
    1979    10     5   1842.72
    1979    10    10   1832.20
    1979    10    15   1818.62
    1979    10    20   1803.66
    1979    10    25   1764.59
    1979    10    31   1728.00
    1979    11     5   1703.15
    1979    11    10   1649.16
    1979    11    15   1593.10
    1979    11    20   1522.05
    1979    11    25   1448.63
    1979    11    30   1351.26
    1979    12     5   1272.55
    1979    12    10   1117.79
    1979    12    15    999.53
    1979    12    20    806.18
    1979    12    25    703.89
    1979    12    31    638.49
    1980     1     5    577.03
    1980     1    10    529.51
    1980     1    15    480.72
    1980     1    20    458.05
    1980     1    25    405.14
    1980     1    31    372.08
    1980     2     5    346.73
    1980     2    10    316.93
    1980     2    15    297.04
    1980     2    20    284.35
    1980     2    25    276.25
    1980     2    28    276.24
    1980     3     5    299.33
    1980     3    10    316.34
    1980     3    15    331.74
    1980     3    20    338.90
    1980     3    25    367.82
    1980     3    31    428.93
    1980     4     5    450.51
    1980     4    10    497.67
    1980     4    15    523.85
    1980     4    20    588.90
    1980     4    25    638.52
    1980     4    30    704.38
    1980     5     5    754.12
    1980     5    10    834.72
    1980     5    15    882.13
    1980     5    20    946.63
    1980     5    25   1002.36
    1980     5    31   1062.41
    1980     6     5   1128.42
    1980     6    10   1176.86
    1980     6    15   1277.41
    1980     6    20   1330.35
    1980     6    25   1381.82
    1980     6    30   1424.90
    1980     7     5   1475.93
    1980     7    10   1530.31
    1980     7    15   1573.10
    1980     7    20   1600.10
    1980     7    25   1648.99
    1980     7    31   1680.61
    1980     8     5   1727.71
    1980     8    10   1779.14
    1980     8    15   1804.70
    1980     8    20   1828.63
    1980     8    25   1849.19
    1980     8    31   1860.14
    1980     9     5   1882.54
    1980     9    10   1884.02
    1980     9    15   1908.47
    1980     9    20   1916.13
    1980     9    25   1925.74
    1980     9    30   1913.74
    1980    10     5   1908.20
    1980    10    10   1905.22
    1980    10    15   1904.67
    1980    10    20   1883.33
    1980    10    25   1855.77
    1980    10    31   1817.07
    1980    11     5   1782.37
    1980    11    10   1730.87
    1980    11    15   1695.64
    1980    11    20   1604.23
    1980    11    25   1531.98
    1980    11    30   1426.44
    1980    12     5   1347.16
    1980    12    10   1196.16
    1980    12    15   1100.51
    1980    12    20    953.51
    1980    12    25    835.34
    1980    12    31    691.56
    1981     1     5    556.25
    1981     1    10    501.20
    1981     1    15    445.07
    1981     1    20    413.46
    1981     1    25    386.85
    1981     1    31    363.74
    1981     2     5    344.89
    1981     2    10    308.01
    1981     2    15    297.04
    1981     2    20    293.01
    1981     2    25    296.41
    1981     2    28    303.08
    1981     3     5    292.66
    1981     3    10    319.04
    1981     3    15    339.22
    1981     3    20    370.70
    1981     3    25    410.99
    1981     3    31    455.32
    1981     4     5    498.79
    1981     4    10    531.22
    1981     4    15    593.70
    1981     4    20    631.21
    1981     4    25    703.54
    1981     4    30    751.17
    1981     5     5    812.59
    1981     5    10    855.31
    1981     5    15    931.94
    1981     5    20    980.49
    1981     5    25   1063.25
    1981     5    31   1142.81
    1981     6     5   1188.56
    1981     6    10   1236.95
    1981     6    15   1298.09
    1981     6    20   1389.18
    1981     6    25   1427.14
    1981     6    30   1500.42
    1981     7     5   1541.00
    1981     7    10   1576.20
    1981     7    15   1612.70
    1981     7    20   1648.29
    1981     7    25   1695.67
    1981     7    31   1711.49
    1981     8     5   1746.82
    1981     8    10   1768.97
    1981     8    15   1804.65
    1981     8    20   1827.88
    1981     8    25   1819.48
    1981     8    31   1842.18
    1981     9     5   1849.25
    1981     9    10   1868.66
    1981     9    15   1877.59
    1981     9    20   1898.32
    1981     9    25   1897.58
    1981     9    30   1902.88
    1981    10     5   1896.58
    1981    10    10   1889.69
    1981    10    15   1880.34
    1981    10    20   1848.42
    1981    10    25   1816.93
    1981    10    31   1765.87
    1981    11     5   1713.43
    1981    11    10   1692.57
    1981    11    15   1653.49
    1981    11    20   1619.53
    1981    11    25   1548.51
    1981    11    30   1499.39
    1981    12     5   1396.19
    1981    12    10   1306.68
    1981    12    15   1184.10
    1981    12    20   1033.65
    1981    12    25    863.40
    1981    12    31    759.93
    1982     1     5    696.45
    1982     1    10    608.68
    1982     1    15    562.82
    1982     1    20    505.02
    1982     1    25    484.28
    1982     1    31    406.42
    1982     2     5    367.05
    1982     2    10    342.34
    1982     2    15    318.42
    1982     2    20    318.64
    1982     2    25    319.08
    1982     2    28    323.50
    1982     3     5    347.45
    1982     3    10    369.58
    1982     3    15    435.97
    1982     3    20    468.44
    1982     3    25    531.21
    1982     3    31    608.16
    1982     4     5    660.59
    1982     4    10    713.60
    1982     4    15    763.93
    1982     4    20    835.62
    1982     4    25    869.64
    1982     4    30    931.64
    1982     5     5    976.42
    1982     5    10   1045.12
    1982     5    15   1070.89
    1982     5    20   1127.40
    1982     5    25   1162.65
    1982     5    31   1219.51
    1982     6     5   1274.20
    1982     6    10   1313.65
    1982     6    15   1369.40
    1982     6    20   1391.30
    1982     6    25   1434.46
    1982     6    30   1469.72
    1982     7     5   1531.51
    1982     7    10   1550.52
    1982     7    15    -99.99
    1982     7    20   1619.66
    1982     7    25   1682.59
    1982     7    31    -99.99
    1982     8     5   1746.92
    1982     8    10   1780.41
    1982     8    15   1799.45
    1982     8    20   1829.17
    1982     8    25   1831.78
    1982     8    31   1843.47
    1982     9     5   1877.48
    1982     9    10   1864.89
    1982     9    15   1855.77
    1982     9    20   1863.48
    1982     9    25   1858.36
    1982     9    30   1845.12
    1982    10     5   1831.48
    1982    10    10   1829.68
    1982    10    15   1813.94
    1982    10    20   1796.63
    1982    10    25   1779.17
    1982    10    31   1742.18
    1982    11     5   1711.11
    1982    11    10   1674.70
    1982    11    15   1634.19
    1982    11    20   1555.69
    1982    11    25   1480.54
    1982    11    30   1334.21
    1982    12     5   1216.51
    1982    12    10   1076.10
    1982    12    15    974.20
    1982    12    20    834.24
    1982    12    25    768.37
    1982    12    31    690.69
    1983     1     5    604.46
    1983     1    10    555.51
    1983     1    15    486.46
    1983     1    20    454.53
    1983     1    25    415.43
    1983     1    31    390.09
    1983     2     5    369.62
    1983     2    10    340.04
    1983     2    15    333.93
    1983     2    20    324.73
    1983     2    25    314.44
    1983     2    28    325.48
    1983     3     5    350.16
    1983     3    10    373.33
    1983     3    15    397.98
    1983     3    20    450.82
    1983     3    25    478.93
    1983     3    31    516.63
    1983     4     5    572.69
    1983     4    10    614.09
    1983     4    15    662.94
    1983     4    20    703.72
    1983     4    25    757.14
    1983     4    30    807.00
    1983     5     5    867.55
    1983     5    10    908.61
    1983     5    15    969.14
    1983     5    20   1006.32
    1983     5    25   1055.37
    1983     5    31   1107.71
    1983     6     5   1144.73
    1983     6    10   1222.33
    1983     6    15   1264.31
    1983     6    20   1325.18
    1983     6    25   1371.35
    1983     6    30   1429.76
    1983     7     5   1485.79
    1983     7    10   1533.90
    1983     7    15   1559.58
    1983     7    20   1588.04
    1983     7    25   1616.65
    1983     7    31   1662.87
    1983     8     5   1697.06
    1983     8    10   1699.72
    1983     8    15   1731.56
    1983     8    20   1758.82
    1983     8    25   1808.83
    1983     8    31   1835.54
    1983     9     5   1862.23
    1983     9    10   1891.36
    1983     9    15   1899.74
    1983     9    20   1901.79
    1983     9    25   1886.26
    1983     9    30   1867.56
    1983    10     5   1852.99
    1983    10    10   1827.94
    1983    10    15   1828.67
    1983    10    20   1811.82
    1983    10    25   1788.49
    1983    10    31   1774.90
    1983    11     5   1731.35
    1983    11    10   1698.24
    1983    11    15   1652.56
    1983    11    20   1604.28
    1983    11    25   1519.54
    1983    11    30   1457.80
    1983    12     5   1328.01
    1983    12    10   1241.60
    1983    12    15   1097.73
    1983    12    20    992.64
    1983    12    25    857.28
    1983    12    31    749.32
    1984     1     5    697.78
    1984     1    10    592.66
    1984     1    15    541.98
    1984     1    20    428.54
    1984     1    25    379.50
    1984     1    31    344.73
    1984     2     5    326.13
    1984     2    10    304.57
    1984     2    15    289.14
    1984     2    20    283.36
    1984     2    25    282.22
    1984     2    28    282.09
    1984     3     5    317.94
    1984     3    10    348.78
    1984     3    15    369.66
    1984     3    20    406.57
    1984     3    25    434.59
    1984     3    31    473.63
    1984     4     5    554.42
    1984     4    10    597.51
    1984     4    15    654.89
    1984     4    20    701.90
    1984     4    25    779.55
    1984     4    30    816.38
    1984     5     5    878.29
    1984     5    10    917.67
    1984     5    15    980.54
    1984     5    20   1029.38
    1984     5    25   1086.10
    1984     5    31   1150.17
    1984     6     5   1201.83
    1984     6    10   1276.26
    1984     6    15   1325.31
    1984     6    20   1390.55
    1984     6    25   1440.34
    1984     6    30   1528.57
    1984     7     5   1586.24
    1984     7    10   1633.03
    1984     7    15   1661.22
    1984     7    20   1677.87
    1984     7    25   1722.83
    1984     7    31   1751.20
    1984     8     5   1799.28
    1984     8    10   1807.33
    1984     8    15    -99.99
    1984     8    20    -99.99
    1984     8    25   1833.73
    1984     8    31   1841.29
    1984     9     5   1843.47
    1984     9    10   1845.74
    1984     9    15   1862.31
    1984     9    20   1864.29
    1984     9    25   1861.33
    1984     9    30   1826.31
    1984    10     5   1818.60
    1984    10    10   1799.20
    1984    10    15   1789.88
    1984    10    20   1773.02
    1984    10    25   1771.27
    1984    10    31   1766.25
    1984    11     5   1753.98
    1984    11    10   1723.57
    1984    11    15   1673.93
    1984    11    20   1624.81
    1984    11    25   1542.66
    1984    11    30   1464.16
    1984    12     5   1344.53
    1984    12    10   1249.69
    1984    12    15   1113.30
    1984    12    20   1012.43
    1984    12    25    877.81
    1984    12    31    751.54
    1985     1     5    639.40
    1985     1    10    528.04
    1985     1    15    473.00
    1985     1    20    413.26
    1985     1    25    384.66
    1985     1    31    355.16
    1985     2     5    324.29
    1985     2    10    308.19
    1985     2    15    296.61
    1985     2    20    287.75
    1985     2    25    310.49
    1985     2    28    318.42
    1985     3     5    336.33
    1985     3    10    355.96
    1985     3    15    378.28
    1985     3    20    402.34
    1985     3    25    436.54
    1985     3    31    494.14
    1985     4     5    536.02
    1985     4    10    606.38
    1985     4    15    645.58
    1985     4    20    721.91
    1985     4    25    762.61
    1985     4    30    829.32
    1985     5     5    878.64
    1985     5    10    960.45
    1985     5    15   1014.12
    1985     5    20   1090.09
    1985     5    25   1141.74
    1985     5    31   1186.17
    1985     6     5   1253.95
    1985     6    10   1327.98
    1985     6    15   1380.94
    1985     6    20   1414.80
    1985     6    25   1453.53
    1985     6    30   1504.49
    1985     7     5   1554.94
    1985     7    10   1569.96
    1985     7    15   1604.54
    1985     7    20   1612.36
    1985     7    25   1654.78
    1985     7    31   1648.66
    1985     8     5    -99.99
    1985     8    10   1760.40
    1985     8    15   1781.65
    1985     8    20   1823.96
    1985     8    25   1851.81
    1985     8    31   1892.03
    1985     9     5   1910.21
    1985     9    10   1911.42
    1985     9    15   1909.64
    1985     9    20   1900.09
    1985     9    25   1893.31
    1985     9    30   1887.95
    1985    10     5   1892.25
    1985    10    10   1880.68
    1985    10    15   1860.26
    1985    10    20   1846.14
    1985    10    25   1822.74
    1985    10    31   1792.82
    1985    11     5   1765.51
    1985    11    10   1712.33
    1985    11    15   1677.56
    1985    11    20   1623.16
    1985    11    25   1577.65
    1985    11    30   1494.87
    1985    12     5   1422.11
    1985    12    10   1330.49
    1985    12    15   1268.78
    1985    12    20   1075.59
    1985    12    25    988.29
    1985    12    31    850.41
    1986     1     5    769.02
    1986     1    10    665.18
    1986     1    15    550.78
    1986     1    20    509.51
    1986     1    25    452.47
    1986     1    31    400.16
    1986     2     5    383.25
    1986     2    10    354.94
    1986     2    15    345.40
    1986     2    20    334.75
    1986     2    25    327.88
    1986     2    28    327.33
    1986     3     5    326.85
    1986     3    10    338.47
    1986     3    15    363.23
    1986     3    20    417.27
    1986     3    25    450.97
    1986     3    31    -99.99
    1986     4     5    573.31
    1986     4    10    604.07
    1986     4    15    652.89
    1986     4    20    686.05
    1986     4    25    750.94
    1986     4    30    785.23
    1986     5     5    841.85
    1986     5    10    885.39
    1986     5    15    981.04
    1986     5    20   1003.71
    1986     5    25   1077.70
    1986     5    31   1122.17
    1986     6     5   1170.86
    1986     6    10   1235.38
    1986     6    15   1248.73
    1986     6    20   1334.47
    1986     6    25   1375.12
    1986     6    30   1417.24
    1986     7     5   1444.44
    1986     7    10   1484.49
    1986     7    15   1539.61
    1986     7    20   1615.42
    1986     7    25   1642.52
    1986     7    31   1662.10
    1986     8     5   1664.92
    1986     8    10   1670.89
    1986     8    15   1726.14
    1986     8    20   1760.11
    1986     8    25   1770.87
    1986     8    31   1792.60
    1986     9     5   1789.89
    1986     9    10   1794.97
    1986     9    15   1807.03
    1986     9    20   1827.72
    1986     9    25   1802.58
    1986     9    30   1784.05
    1986    10     5   1796.44
    1986    10    10   1782.14
    1986    10    15   1765.68
    1986    10    20   1736.68
    1986    10    25   1716.06
    1986    10    31   1686.15
    1986    11     5   1655.12
    1986    11    10   1626.73
    1986    11    15   1559.09
    1986    11    20   1514.33
    1986    11    25   1402.11
    1986    11    30   1332.95
    1986    12     5    -99.99
    1986    12    10   1094.33
    1986    12    15   1001.43
    1986    12    20    910.76
    1986    12    25    836.61
    1986    12    31    742.62
    1987     1     5    682.69
    1987     1    10    594.04
    1987     1    15    549.46
    1987     1    20    490.03
    1987     1    25    452.13
    1987     1    31    416.24
    1987     2     5    380.08
    1987     2    10    360.07
    1987     2    15    341.92
    1987     2    20    339.08
    1987     2    25    342.02
    1987     2    28    344.11
    1987     3     5    362.80
    1987     3    10    385.14
    1987     3    15    417.74
    1987     3    20    444.78
    1987     3    25    492.03
    1987     3    31    538.32
    1987     4     5    576.19
    1987     4    10    641.03
    1987     4    15    694.19
    1987     4    20    747.40
    1987     4    25    783.05
    1987     4    30    825.84
    1987     5     5    871.25
    1987     5    10    930.27
    1987     5    15    967.67
    1987     5    20   1024.26
    1987     5    25   1061.93
    1987     5    31   1123.72
    1987     6     5   1178.91
    1987     6    10   1219.94
    1987     6    15   1285.50
    1987     6    20   1320.22
    1987     6    25   1400.35
    1987     6    30   1454.64
    1987     7     5   1513.66
    1987     7    10   1541.10
    1987     7    15   1582.89
    1987     7    20   1617.36
    1987     7    25   1669.94
    1987     7    31   1720.31
    1987     8     5   1756.23
    1987     8    10   1787.37
    1987     8    15   1767.38
    1987     8    20   1776.43
    1987     8    25   1837.93
    1987     8    31   1855.83
    1987     9     5   1861.04
    1987     9    10   1896.45
    1987     9    15   1931.69
    1987     9    20   1913.74
    1987     9    25   1895.49
    1987     9    30   1907.92
    1987    10     5   1894.71
    1987    10    10   1838.05
    1987    10    15   1837.88
    1987    10    20   1805.55
    1987    10    25   1789.91
    1987    10    31   1750.75
    1987    11     5   1722.33
    1987    11    10   1667.12
    1987    11    15   1626.99
    1987    11    20   1593.86
    1987    11    25   1522.28
    1987    11    30   1426.51
    1987    12     5    -99.99
    1987    12    10    -99.99
    1987    12    15    -99.99
    1987    12    20    -99.99
    1987    12    25    -99.99
    1987    12    31    -99.99
    1988     1     5    -99.99
    1988     1    10    -99.99
    1988     1    15    471.01
    1988     1    20    434.36
    1988     1    25    389.88
    1988     1    31    355.38
    1988     2     5    332.23
    1988     2    10    319.23
    1988     2    15    312.71
    1988     2    20    310.42
    1988     2    25    291.16
    1988     2    28    303.16
    1988     3     5    356.82
    1988     3    10    395.81
    1988     3    15    439.10
    1988     3    20    471.89
    1988     3    25    498.92
    1988     3    31    527.34
    1988     4     5    559.02
    1988     4    10    599.83
    1988     4    15    660.81
    1988     4    20    713.97
    1988     4    25    754.44
    1988     4    30    812.29
    1988     5     5    864.40
    1988     5    10    925.93
    1988     5    15    988.36
    1988     5    20   1061.95
    1988     5    25   1111.57
    1988     5    31   1191.53
    1988     6     5   1268.75
    1988     6    10   1291.98
    1988     6    15   1342.55
    1988     6    20   1426.02
    1988     6    25   1459.28
    1988     6    30   1502.51
    1988     7     5   1527.48
    1988     7    10   1576.75
    1988     7    15   1642.86
    1988     7    20   1667.43
    1988     7    25   1691.56
    1988     7    31   1753.74
    1988     8     5   1800.94
    1988     8    10   1806.19
    1988     8    15   1826.01
    1988     8    20   1828.06
    1988     8    25   1850.84
    1988     8    31   1842.12
    1988     9     5   1857.79
    1988     9    10   1905.55
    1988     9    15   1927.80
    1988     9    20   1934.77
    1988     9    25   1910.58
    1988     9    30   1925.99
    1988    10     5   1940.70
    1988    10    10   1929.26
    1988    10    15   1911.28
    1988    10    20   1889.99
    1988    10    25   1872.14
    1988    10    31   1832.16
    1988    11     5   1783.17
    1988    11    10   1743.73
    1988    11    15   1706.26
    1988    11    20   1631.40
    1988    11    25   1559.36
    1988    11    30   1495.23
    1988    12     5   1399.71
    1988    12    10   1318.91
    1988    12    15   1219.66
    1988    12    20   1107.97
    1988    12    25   1030.61
    1988    12    31    794.50
    1989     1     5    662.75
    1989     1    10    561.67
    1989     1    15    502.47
    1989     1    20    450.84
    1989     1    25    406.88
    1989     1    31    378.24
    1989     2     5    357.08
    1989     2    10    324.96
    1989     2    15    313.88
    1989     2    20    307.45
    1989     2    25    318.46
    1989     2    28    336.56
    1989     3     5    368.77
    1989     3    10    375.23
    1989     3    15    420.57
    1989     3    20    442.86
    1989     3    25    488.04
    1989     3    31    522.58
    1989     4     5    556.56
    1989     4    10    591.98
    1989     4    15    641.46
    1989     4    20    705.52
    1989     4    25    759.21
    1989     4    30    837.79
    1989     5     5    914.34
    1989     5    10    985.90
    1989     5    15   1053.32
    1989     5    20   1120.80
    1989     5    25   1181.31
    1989     5    31   1244.03
    1989     6     5   1288.87
    1989     6    10   1337.04
    1989     6    15   1395.74
    1989     6    20   1465.52
    1989     6    25   1491.16
    1989     6    30   1537.04
    1989     7     5   1551.96
    1989     7    10   1560.08
    1989     7    15   1597.50
    1989     7    20   1634.97
    1989     7    25   1681.79
    1989     7    31   1719.97
    1989     8     5   1744.88
    1989     8    10   1776.34
    1989     8    15   1806.77
    1989     8    20   1823.73
    1989     8    25   1835.44
    1989     8    31   1868.89
    1989     9     5   1862.48
    1989     9    10   1867.11
    1989     9    15   1862.95
    1989     9    20   1867.68
    1989     9    25   1864.91
    1989     9    30   1844.37
    1989    10     5   1849.72
    1989    10    10   1860.29
    1989    10    15   1860.02
    1989    10    20   1855.78
    1989    10    25   1816.73
    1989    10    31   1756.79
    1989    11     5   1730.06
    1989    11    10   1697.51
    1989    11    15   1654.21
    1989    11    20   1583.51
    1989    11    25   1527.84
    1989    11    30   1439.37
    1989    12     5   1342.15
    1989    12    10   1207.40
    1989    12    15   1065.86
    1989    12    20    908.12
    1989    12    25    815.88
    1989    12    31    727.57
    1990     1     5    659.04
    1990     1    10    593.24
    1990     1    15    531.04
    1990     1    20    449.10
    1990     1    25    407.34
    1990     1    31    369.63
    1990     2     5    350.24
    1990     2    10    334.81
    1990     2    15    315.12
    1990     2    20    305.07
    1990     2    25    308.34
    1990     2    28    317.14
    1990     3     5    335.80
    1990     3    10    368.25
    1990     3    15    409.36
    1990     3    20    455.18
    1990     3    25    506.60
    1990     3    31    571.35
    1990     4     5    629.43
    1990     4    10    666.93
    1990     4    15    718.98
    1990     4    20    766.54
    1990     4    25    836.07
    1990     4    30    873.71
    1990     5     5    895.30
    1990     5    10    938.37
    1990     5    15    991.24
    1990     5    20   1045.04
    1990     5    25   1106.16
    1990     5    31   1175.30
    1990     6     5   1233.77
    1990     6    10   1278.52
    1990     6    15   1345.96
    1990     6    20   1423.03
    1990     6    25   1450.13
    1990     6    30   1476.72
    1990     7     5   1523.29
    1990     7    10   1555.22
    1990     7    15   1595.78
    1990     7    20   1641.65
    1990     7    25   1678.57
    1990     7    31   1725.26
    1990     8     5   1759.89
    1990     8    10   1786.70
    1990     8    15   1803.27
    1990     8    20   1820.88
    1990     8    25   1840.56
    1990     8    31   1863.43
    1990     9     5   1878.91
    1990     9    10   1861.93
    1990     9    15   1860.36
    1990     9    20   1876.68
    1990     9    25   1875.36
    1990     9    30   1887.17
    1990    10     5   1875.36
    1990    10    10   1877.47
    1990    10    15   1861.67
    1990    10    20   1867.02
    1990    10    25   1820.84
    1990    10    31   1773.49
    1990    11     5   1726.10
    1990    11    10   1694.45
    1990    11    15   1637.93
    1990    11    20   1573.36
    1990    11    25   1476.80
    1990    11    30   1374.69
    1990    12     5   1271.68
    1990    12    10   1182.11
    1990    12    15   1074.24
    1990    12    20    965.56
    1990    12    25    -99.99
    1990    12    31    774.43
    1991     1     5    690.86
    1991     1    10    629.01
    1991     1    15    564.96
    1991     1    20    525.85
    1991     1    25    488.79
    1991     1    31    428.55
    1991     2     5    382.73
    1991     2    10    366.85
    1991     2    15    341.78
    1991     2    20    329.59
    1991     2    25    303.57
    1991     2    28    289.71
    1991     3     5    301.10
    1991     3    10    337.00
    1991     3    15    402.49
    1991     3    20    460.15
    1991     3    25    529.37
    1991     3    31    594.96
    1991     4     5    638.31
    1991     4    10    691.45
    1991     4    15    734.37
    1991     4    20    772.13
    1991     4    25    828.29
    1991     4    30    886.81
    1991     5     5    947.64
    1991     5    10   1000.22
    1991     5    15   1065.51
    1991     5    20   1109.50
    1991     5    25   1150.13
    1991     5    31   1211.87
    1991     6     5   1252.58
    1991     6    10   1313.35
    1991     6    15   1359.60
    1991     6    20   1393.82
    1991     6    25   1448.20
    1991     6    30   1473.06
    1991     7     5   1500.13
    1991     7    10   1545.03
    1991     7    15   1591.05
    1991     7    20   1651.79
    1991     7    25   1696.77
    1991     7    31   1730.77
    1991     8     5   1770.39
    1991     8    10   1836.16
    1991     8    15   1859.80
    1991     8    20   1830.39
    1991     8    25   1842.19
    1991     8    31   1856.96
    1991     9     5   1851.42
    1991     9    10   1878.82
    1991     9    15   1888.85
    1991     9    20   1900.67
    1991     9    25   1919.86
    1991     9    30   1927.10
    1991    10     5   1902.13
    1991    10    10   1908.77
    1991    10    15   1879.25
    1991    10    20   1831.40
    1991    10    25   1799.19
    1991    10    31   1760.58
    1991    11     5   1739.29
    1991    11    10   1710.58
    1991    11    15   1651.40
    1991    11    20   1568.70
    1991    11    25   1495.84
    1991    11    30   1416.60
    1991    12     5   1330.12
    1991    12    10   1220.29
    1991    12    15   1117.92
    1991    12    20    973.19
    1991    12    25    929.11
    1991    12    31    720.26
    1992     1     5    640.44
    1992     1    10    562.96
    1992     1    15    496.19
    1992     1    20    456.29
    1992     1    25    415.53
    1992     1    31    378.22
    1992     2     5    346.47
    1992     2    10    328.44
    1992     2    15    305.83
    1992     2    20    283.14
    1992     2    25    285.90
    1992     2    28    290.22
    1992     3     5    317.48
    1992     3    10    351.10
    1992     3    15    390.73
    1992     3    20    423.85
    1992     3    25    477.26
    1992     3    31    531.72
    1992     4     5    605.43
    1992     4    10    661.41
    1992     4    15    718.14
    1992     4    20    760.01
    1992     4    25    820.13
    1992     4    30    876.40
    1992     5     5    924.53
    1992     5    10    966.09
    1992     5    15   1030.99
    1992     5    20   1087.37
    1992     5    25   1124.83
    1992     5    31   1177.97
    1992     6     5   1211.61
    1992     6    10   1271.73
    1992     6    15   1327.77
    1992     6    20   1386.62
    1992     6    25   1433.25
    1992     6    30   1498.82
    1992     7     5   1540.51
    1992     7    10   1607.97
    1992     7    15   1652.10
    1992     7    20   1690.15
    1992     7    25   1723.36
    1992     7    31   1761.96
    1992     8     5   1798.51
    1992     8    10   1827.99
    1992     8    15   1846.27
    1992     8    20   1856.07
    1992     8    25   1870.94
    1992     8    31   1863.62
    1992     9     5   1878.51
    1992     9    10   1907.31
    1992     9    15   1896.06
    1992     9    20   1851.30
    1992     9    25   1870.16
    1992     9    30   1865.95
    1992    10     5   1876.20
    1992    10    10   1879.77
    1992    10    15   1887.33
    1992    10    20   1853.63
    1992    10    25   1827.24
    1992    10    31   1791.43
    1992    11     5   1764.84
    1992    11    10   1726.33
    1992    11    15   1686.67
    1992    11    20   1626.50
    1992    11    25   1556.31
    1992    11    30   1464.29
    1992    12     5   1382.14
    1992    12    10   1279.90
    1992    12    15   1146.71
    1992    12    20   1013.92
    1992    12    25    878.58
    1992    12    31    715.07
    1993     1     5    625.91
    1993     1    10    555.71
    1993     1    15    499.32
    1993     1    20    441.83
    1993     1    25    395.38
    1993     1    31    337.49
    1993     2     5    319.59
    1993     2    10    288.66
    1993     2    15    281.31
    1993     2    20    285.40
    1993     2    25    292.86
    1993     2    28    295.49
    1993     3     5    300.50
    1993     3    10    344.51
    1993     3    15    408.01
    1993     3    20    469.13
    1993     3    25    511.15
    1993     3    31    554.97
    1993     4     5    596.51
    1993     4    10    640.36
    1993     4    15    698.84
    1993     4    20    729.43
    1993     4    25    796.24
    1993     4    30    868.63
    1993     5     5    934.06
    1993     5    10    971.38
    1993     5    15   1038.27
    1993     5    20   1086.46
    1993     5    25   1144.86
    1993     5    31   1205.26
    1993     6     5   1268.45
    1993     6    10   1322.83
    1993     6    15   1349.80
    1993     6    20   1402.47
    1993     6    25   1445.70
    1993     6    30   1520.77
    1993     7     5   1555.26
    1993     7    10   1609.97
    1993     7    15   1643.17
    1993     7    20   1676.96
    1993     7    25   1714.13
    1993     7    31   1741.83
    1993     8     5   1737.16
    1993     8    10   1778.14
    1993     8    15   1807.52
    1993     8    20   1840.68
    1993     8    25   1856.30
    1993     8    31   1908.65
    1993     9     5   1913.94
    1993     9    10   1898.22
    1993     9    15   1930.04
    1993     9    20   1928.65
    1993     9    25   1906.73
    1993     9    30   1918.17
    1993    10     5   1907.47
    1993    10    10   1910.05
    1993    10    15   1881.91
    1993    10    20   1858.19
    1993    10    25   1823.85
    1993    10    31   1807.08
    1993    11     5   1791.45
    1993    11    10   1742.46
    1993    11    15   1693.43
    1993    11    20   1631.86
    1993    11    25   1556.15
    1993    11    30   1465.98
    1993    12     5   1348.75
    1993    12    10   1224.65
    1993    12    15   1103.41
    1993    12    20    940.40
    1993    12    25    809.49
    1993    12    31    734.13
    1994     1     5    659.61
    1994     1    10    607.87
    1994     1    15    545.74
    1994     1    20    485.90
    1994     1    25    439.93
    1994     1    31    401.09
    1994     2     5    370.86
    1994     2    10    356.79
    1994     2    15    346.28
    1994     2    20    350.86
    1994     2    25    354.17
    1994     2    28    374.66
    1994     3     5    402.95
    1994     3    10    432.15
    1994     3    15    478.61
    1994     3    20    525.93
    1994     3    25    568.14
    1994     3    31    625.44
    1994     4     5    654.79
    1994     4    10    696.85
    1994     4    15    751.43
    1994     4    20    803.73
    1994     4    25    841.20
    1994     4    30    896.72
    1994     5     5    954.10
    1994     5    10   1016.64
    1994     5    15   1074.61
    1994     5    20   1144.52
    1994     5    25   1171.65
    1994     5    31   1247.76
    1994     6     5   1293.34
    1994     6    10   1347.61
    1994     6    15   1399.25
    1994     6    20   1475.31
    1994     6    25   1516.12
    1994     6    30   1540.80
    1994     7     5   1599.82
    1994     7    10   1625.41
    1994     7    15   1688.91
    1994     7    20   1726.52
    1994     7    25   1785.88
    1994     7    31   1782.64
    1994     8     5   1794.61
    1994     8    10   1812.09
    1994     8    15   1829.28
    1994     8    20   1839.49
    1994     8    25   1892.82
    1994     8    31   1947.23
    1994     9     5   1935.04
    1994     9    10   1913.60
    1994     9    15   1913.87
    1994     9    20   1915.38
    1994     9    25   1921.01
    1994     9    30   1933.65
    1994    10     5   1897.50
    1994    10    10   1870.20
    1994    10    15   1862.83
    1994    10    20   1855.53
    1994    10    25   1844.22
    1994    10    31   1828.39
    1994    11     5   1810.10
    1994    11    10   1762.08
    1994    11    15   1692.99
    1994    11    20   1618.42
    1994    11    25   1521.38
    1994    11    30   1428.18
    1994    12     5   1303.77
    1994    12    10   1186.22
    1994    12    15   1102.24
    1994    12    20   1008.22
    1994    12    25    901.83
    1994    12    31    804.59
    1995     1     5    742.28
    1995     1    10    668.44
    1995     1    15    617.04
    1995     1    20    565.71
    1995     1    25    516.75
    1995     1    31    459.53
    1995     2     5    421.12
    1995     2    10    395.75
    1995     2    15    375.08
    1995     2    20    383.00
    1995     2    25    374.85
    1995     2    28    391.68
    1995     3     5    425.62
    1995     3    10    459.00
    1995     3    15    495.32
    1995     3    20    530.08
    1995     3    25    576.42
    1995     3    31    608.93
    1995     4     5    653.97
    1995     4    10    708.04
    1995     4    15    750.04
    1995     4    20    800.78
    1995     4    25    851.20
    1995     4    30    900.46
    1995     5     5    947.14
    1995     5    10   1026.50
    1995     5    15   1080.46
    1995     5    20   1119.19
    1995     5    25   1188.87
    1995     5    31   1241.00
    1995     6     5   1304.47
    1995     6    10   1332.63
    1995     6    15   1365.05
    1995     6    20   1413.89
    1995     6    25   1468.45
    1995     6    30   1514.12
    1995     7     5   1560.32
    1995     7    10   1582.46
    1995     7    15   1633.77
    1995     7    20   1644.74
    1995     7    25   1710.91
    1995     7    31   1748.26
    1995     8     5   1783.41
    1995     8    10   1838.10
    1995     8    15   1850.92
    1995     8    20   1873.95
    1995     8    25   1879.80
    1995     8    31   1852.98
    1995     9     5   1873.97
    1995     9    10   1885.26
    1995     9    15   1894.65
    1995     9    20   1923.75
    1995     9    25   1926.90
    1995     9    30   1900.95
    1995    10     5   1909.99
    1995    10    10   1916.23
    1995    10    15   1894.44
    1995    10    20   1859.84
    1995    10    25   1824.60
    1995    10    31   1777.20
    1995    11     5   1777.07
    1995    11    10   1710.87
    1995    11    15   1656.75
    1995    11    20   1597.26
    1995    11    25   1526.93
    1995    11    30   1438.54
    1995    12     5   1355.26
    1995    12    10   1279.45
    1995    12    15   1172.28
    1995    12    20   1031.90
    1995    12    25    940.60
    1995    12    31    854.23
    1996     1     5    786.37
    1996     1    10    730.51
    1996     1    15    660.64
    1996     1    20    593.48
    1996     1    25    530.65
    1996     1    31    442.90
    1996     2     5    392.95
    1996     2    10    363.00
    1996     2    15    338.99
    1996     2    20    314.21
    1996     2    25    315.14
    1996     2    28    335.89
    1996     3     5    365.79
    1996     3    10    421.44
    1996     3    15    458.61
    1996     3    20    502.40
    1996     3    25    533.97
    1996     3    31    600.58
    1996     4     5    642.78
    1996     4    10    696.81
    1996     4    15    747.55
    1996     4    20    818.98
    1996     4    25    876.86
    1996     4    30    942.43
    1996     5     5   1014.70
    1996     5    10   1064.39
    1996     5    15   1112.63
    1996     5    20   1176.67
    1996     5    25   1243.41
    1996     5    31   1303.18
    1996     6     5   1334.02
    1996     6    10   1378.63
    1996     6    15   1441.08
    1996     6    20   1488.71
    1996     6    25   1525.98
    1996     6    30   1540.82
    1996     7     5   1580.06
    1996     7    10   1608.18
    1996     7    15   1661.10
    1996     7    20   1726.39
    1996     7    25   1740.59
    1996     7    31   1773.58
    1996     8     5   1790.10
    1996     8    10   1796.89
    1996     8    15   1828.57
    1996     8    20   1833.54
    1996     8    25   1875.88
    1996     8    31   1908.82
    1996     9     5   1924.63
    1996     9    10   1951.51
    1996     9    15   1922.51
    1996     9    20   1943.23
    1996     9    25   1922.16
    1996     9    30   1896.67
    1996    10     5   1896.99
    1996    10    10   1874.05
    1996    10    15   1869.05
    1996    10    20   1849.65
    1996    10    25   1805.82
    1996    10    31   1778.10
    1996    11     5   1754.51
    1996    11    10   1723.11
    1996    11    15   1683.06
    1996    11    20   1613.86
    1996    11    25   1508.77
    1996    11    30   1434.31
    1996    12     5   1317.46
    1996    12    10   1210.12
    1996    12    15   1042.90
    1996    12    20    917.95
    1996    12    25    808.58
    1996    12    31    682.57
    1997     1     5    590.73
    1997     1    10    505.73
    1997     1    15    447.96
    1997     1    20    405.69
    1997     1    25    367.88
    1997     1    31    337.69
    1997     2     5    302.50
    1997     2    10    275.90
    1997     2    15    267.14
    1997     2    20    256.78
    1997     2    25    263.03
    1997     2    28    271.85
    1997     3     5    305.94
    1997     3    10    328.38
    1997     3    15    368.56
    1997     3    20    424.94
    1997     3    25    465.97
    1997     3    31    514.25
    1997     4     5    568.72
    1997     4    10    614.37
    1997     4    15    681.90
    1997     4    20    743.27
    1997     4    25    786.25
    1997     4    30    860.51
    1997     5     5    930.41
    1997     5    10    990.34
    1997     5    15   1046.01
    1997     5    20   1102.77
    1997     5    25   1161.71
    1997     5    31   1209.14
    1997     6     5   1264.29
    1997     6    10   1326.15
    1997     6    15   1351.95
    1997     6    20   1406.21
    1997     6    25   1466.30
    1997     6    30   1511.23
    1997     7     5   1558.10
    1997     7    10   1595.06
    1997     7    15   1647.36
    1997     7    20   1682.42
    1997     7    25   1735.53
    1997     7    31   1771.96
    1997     8     5   1771.99
    1997     8    10   1798.93
    1997     8    15   1833.16
    1997     8    20   1868.43
    1997     8    25   1866.34
    1997     8    31   1889.55
    1997     9     5   1923.74
    1997     9    10   1930.46
    1997     9    15   1916.53
    1997     9    20   1940.26
    1997     9    25   1930.05
    1997     9    30   1917.06
    1997    10     5   1918.78
    1997    10    10   1908.43
    1997    10    15   1885.99
    1997    10    20   1847.63
    1997    10    25   1827.38
    1997    10    31   1786.81
    1997    11     5   1767.85
    1997    11    10   1738.74
    1997    11    15   1674.51
    1997    11    20   1613.07
    1997    11    25   1520.47
    1997    11    30   1430.52
    1997    12     5   1354.01
    1997    12    10   1279.01
    1997    12    15   1179.39
    1997    12    20   1027.10
    1997    12    25    886.66
    1997    12    31    710.56
    1998     1     5    610.51
    1998     1    10    519.07
    1998     1    15    473.62
    1998     1    20    437.26
    1998     1    25    409.70
    1998     1    31    370.17
    1998     2     5    349.64
    1998     2    10    333.62
    1998     2    15    317.52
    1998     2    20    319.43
    1998     2    25    312.02
    1998     2    28    311.84
    1998     3     5    346.46
    1998     3    10    404.64
    1998     3    15    447.81
    1998     3    20    479.50
    1998     3    25    522.35
    1998     3    31    575.17
    1998     4     5    594.99
    1998     4    10    650.83
    1998     4    15    714.66
    1998     4    20    770.61
    1998     4    25    842.52
    1998     4    30    900.80
    1998     5     5    961.23
    1998     5    10   1020.41
    1998     5    15   1078.62
    1998     5    20   1138.52
    1998     5    25   1157.25
    1998     5    31   1220.84
    1998     6     5   1296.07
    1998     6    10   1335.40
    1998     6    15   1367.17
    1998     6    20   1438.40
    1998     6    25   1490.71
    1998     6    30   1524.78
    1998     7     5   1567.44
    1998     7    10   1593.04
    1998     7    15   1641.08
    1998     7    20   1689.06
    1998     7    25   1719.92
    1998     7    31   1771.26
    1998     8     5   1802.42
    1998     8    10   1823.59
    1998     8    15   1849.16
    1998     8    20   1869.99
    1998     8    25   1893.69
    1998     8    31   1906.65
    1998     9     5   1914.98
    1998     9    10   1939.55
    1998     9    15   1984.86
    1998     9    20   1973.89
    1998     9    25   1967.22
    1998     9    30   1955.76
    1998    10     5   1973.13
    1998    10    10   1950.38
    1998    10    15   1944.74
    1998    10    20   1916.30
    1998    10    25   1901.22
    1998    10    31   1867.46
    1998    11     5   1810.86
    1998    11    10   1759.11
    1998    11    15   1709.11
    1998    11    20   1660.33
    1998    11    25   1602.27
    1998    11    30   1527.28
    1998    12     5   1397.83
    1998    12    10   1284.14
    1998    12    15   1184.01
    1998    12    20   1036.31
    1998    12    25    896.18
    1998    12    31    740.85
    1999     1     5    669.17
    1999     1    10    593.76
    1999     1    15    515.25
    1999     1    20    466.20
    1999     1    25    432.56
    1999     1    31    397.23
    1999     2     5    376.95
    1999     2    10    346.55
    1999     2    15    332.20
    1999     2    20    317.53
    1999     2    25    316.06
    1999     2    28    327.59
    1999     3     5    345.63
    1999     3    10    382.35
    1999     3    15    448.70
    1999     3    20    483.29
    1999     3    25    522.05
    1999     3    31    569.51
    1999     4     5    619.51
    1999     4    10    665.71
    1999     4    15    720.54
    1999     4    20    762.54
    1999     4    25    811.05
    1999     4    30    878.55
    1999     5     5    935.58
    1999     5    10   1000.87
    1999     5    15   1046.67
    1999     5    20   1109.46
    1999     5    25   1174.22
    1999     5    31   1264.61
    1999     6     5   1313.57
    1999     6    10   1383.88
    1999     6    15   1410.11
    1999     6    20   1445.61
    1999     6    25   1513.07
    1999     6    30   1577.83
    1999     7     5   1600.36
    1999     7    10   1649.12
    1999     7    15   1682.19
    1999     7    20   1710.93
    1999     7    25   1762.60
    1999     7    31   1777.30
    1999     8     5   1806.02
    1999     8    10   1849.88
    1999     8    15   1868.09
    1999     8    20   1878.16
    1999     8    25   1898.82
    1999     8    31   1899.76
    1999     9     5   1920.72
    1999     9    10   1927.84
    1999     9    15   1937.52
    1999     9    20   1932.77
    1999     9    25   1951.54
    1999     9    30   1956.95
    1999    10     5   1938.82
    1999    10    10   1907.35
    1999    10    15   1902.60
    1999    10    20   1899.56
    1999    10    25   1859.82
    1999    10    31   1804.96
    1999    11     5   1768.67
    1999    11    10   1718.35
    1999    11    15   1677.46
    1999    11    20   1625.87
    1999    11    25   1579.92
    1999    11    30   1491.91
    1999    12     5   1407.84
    1999    12    10   1324.50
    1999    12    15   1212.09
    1999    12    20   1053.35
    1999    12    25    924.06
    1999    12    31    793.83
    2000     1     5    667.05
    2000     1    10    568.02
    2000     1    15    516.33
    2000     1    20    467.07
    2000     1    25    425.29
    2000     1    31    393.69
    2000     2     5    356.48
    2000     2    10    333.44
    2000     2    15    316.81
    2000     2    20    325.30
    2000     2    25    335.10
    2000     2    28    347.71
    2000     3     5    377.66
    2000     3    10    408.83
    2000     3    15    429.62
    2000     3    20    474.07
    2000     3    25    508.66
    2000     3    31    566.96
    2000     4     5    619.71
    2000     4    10    678.96
    2000     4    15    743.35
    2000     4    20    819.22
    2000     4    25    872.52
    2000     4    30    927.17
    2000     5     5    998.71
    2000     5    10   1070.51
    2000     5    15   1127.97
    2000     5    20   1190.30
    2000     5    25   1248.72
    2000     5    31   1299.41
    2000     6     5   1350.36
    2000     6    10   1398.29
    2000     6    15   1443.51
    2000     6    20   1481.75
    2000     6    25   1516.08
    2000     6    30   1555.05
    2000     7     5   1608.95
    2000     7    10   1645.56
    2000     7    15   1661.01
    2000     7    20   1694.37
    2000     7    25   1726.07
    2000     7    31   1800.31
    2000     8     5   1860.43
    2000     8    10   1887.92
    2000     8    15   1901.16
    2000     8    20   1911.40
    2000     8    25   1912.17
    2000     8    31   1917.05
    2000     9     5   1933.06
    2000     9    10   1972.52
    2000     9    15   1960.72
    2000     9    20   1957.80
    2000     9    25   1963.80
    2000     9    30   1968.15
    2000    10     5   1927.36
    2000    10    10   1918.71
    2000    10    15   1873.69
    2000    10    20   1849.36
    2000    10    25   1827.27
    2000    10    31   1784.09
    2000    11     5   1755.06
    2000    11    10   1711.34
    2000    11    15   1669.26
    2000    11    20   1604.87
    2000    11    25   1533.31
    2000    11    30   1462.51
    2000    12     5   1322.88
    2000    12    10   1209.22
    2000    12    15   1072.31
    2000    12    20    940.62
    2000    12    25    849.54
    2000    12    31    739.05
    2001     1     5    657.49
    2001     1    10    610.48
    2001     1    15    570.09
    2001     1    20    533.53
    2001     1    25    498.93
    2001     1    31    460.18
    2001     2     5    420.59
    2001     2    10    396.69
    2001     2    15    389.63
    2001     2    20    390.37
    2001     2    25    398.38
    2001     2    28    414.53
    2001     3     5    442.26
    2001     3    10    479.15
    2001     3    15    503.22
    2001     3    20    535.31
    2001     3    25    563.62
    2001     3    31    601.29
    2001     4     5    628.87
    2001     4    10    687.67
    2001     4    15    739.20
    2001     4    20    784.34
    2001     4    25    839.77
    2001     4    30    900.19
    2001     5     5    965.05
    2001     5    10   1019.43
    2001     5    15   1067.62
    2001     5    20   1117.78
    2001     5    25   1172.09
    2001     5    31   1225.65
    2001     6     5   1265.91
    2001     6    10   1333.17
    2001     6    15   1407.06
    2001     6    20   1454.67
    2001     6    25   1485.64
    2001     6    30   1523.49
    2001     7     5   1559.16
    2001     7    10   1613.47
    2001     7    15   1634.19
    2001     7    20   1660.92
    2001     7    25   1713.69
    2001     7    31   1755.34
    2001     8     5   1775.47
    2001     8    10   1799.89
    2001     8    15   1823.62
    2001     8    20   1818.69
    2001     8    25   1814.61
    2001     8    31   1810.13
    2001     9     5   1842.91
    2001     9    10   1873.28
    2001     9    15   1887.46
    2001     9    20   1908.24
    2001     9    25   1900.24
    2001     9    30   1896.20
    2001    10     5   1870.87
    2001    10    10   1851.88
    2001    10    15   1839.58
    2001    10    20   1832.63
    2001    10    25   1803.20
    2001    10    31   1766.90
    2001    11     5   1731.54
    2001    11    10   1696.93
    2001    11    15   1655.14
    2001    11    20   1602.12
    2001    11    25   1525.56
    2001    11    30   1474.78
    2001    12     5   1384.51
    2001    12    10   1257.05
    2001    12    15   1152.31
    2001    12    20   1027.09
    2001    12    25    927.62
    2001    12    31    800.42
    2002     1     5    687.73
    2002     1    10    590.17
    2002     1    15    521.28
    2002     1    20    465.19
    2002     1    25    418.14
    2002     1    31    381.49
    2002     2     5    361.68
    2002     2    10    330.37
    2002     2    15    317.20
    2002     2    20    315.63
    2002     2    25    331.22
    2002     2    28    345.24
    2002     3     5    357.34
    2002     3    10    388.28
    2002     3    15    414.09
    2002     3    20    444.45
    2002     3    25    465.79
    2002     3    31    500.18
    2002     4     5    542.75
    2002     4    10    602.64
    2002     4    15    666.46
    2002     4    20    732.32
    2002     4    25    787.03
    2002     4    30    866.57
    2002     5     5    904.94
    2002     5    10    938.53
    2002     5    15    967.43
    2002     5    20   1026.08
    2002     5    25   1081.40
    2002     5    31   1125.97
    2002     6     5   1179.38
    2002     6    10   1212.35
    2002     6    15   1273.90
    2002     6    20   1356.32
    2002     6    25   1395.05
    2002     6    30   1450.39
    2002     7     5   1505.11
    2002     7    10   1540.42
    2002     7    15   1606.51
    2002     7    20   1642.65
    2002     7    25   1688.79
    2002     7    31   1706.00
    2002     8     5   1719.65
    2002     8    10   1745.16
    2002     8    15   1764.69
    2002     8    20   1789.86
    2002     8    25   1826.76
    2002     8    31   1850.14
    2002     9     5   1856.22
    2002     9    10   1876.92
    2002     9    15   1853.61
    2002     9    20   1841.59
    2002     9    25   1841.20
    2002     9    30   1850.27
    2002    10     5   1861.07
    2002    10    10   1869.38
    2002    10    15   1858.89
    2002    10    20   1850.11
    2002    10    25   1839.79
    2002    10    31   1806.04
    2002    11     5   1752.93
    2002    11    10   1696.97
    2002    11    15   1631.91
    2002    11    20   1561.42
    2002    11    25   1471.50
    2002    11    30   1403.74
    2002    12     5   1340.50
    2002    12    10   1275.25
    2002    12    15   1182.21
    2002    12    20   1088.03
    2002    12    25    965.02
    2002    12    31    828.91
    2003     1     5    757.91
    2003     1    10    692.36
    2003     1    15    622.21
    2003     1    20    561.51
    2003     1    25    511.39
    2003     1    31    472.87
    2003     2     5    431.34
    2003     2    10    417.52
    2003     2    15    402.63
    2003     2    20    399.17
    2003     2    25    403.17
    2003     2    28    401.95
    2003     3     5    409.70
    2003     3    10    436.73
    2003     3    15    469.28
    2003     3    20    503.76
    2003     3    25    549.15
    2003     3    31    597.20
    2003     4     5    652.27
    2003     4    10    705.43
    2003     4    15    748.95
    2003     4    20    805.69
    2003     4    25    868.82
    2003     4    30    928.78
    2003     5     5    988.36
    2003     5    10   1031.32
    2003     5    15   1092.07
    2003     5    20   1170.08
    2003     5    25   1234.22
    2003     5    31   1316.44
    2003     6     5   1356.09
    2003     6    10   1407.57
    2003     6    15   1456.77
    2003     6    20   1488.52
    2003     6    25   1536.10
    2003     6    30   1583.08
    2003     7     5   1620.63
    2003     7    10   1661.37
    2003     7    15   1685.48
    2003     7    20   1735.70
    2003     7    25   1775.03
    2003     7    31   1789.13
    2003     8     5   1785.33
    2003     8    10   1815.17
    2003     8    15   1805.72
    2003     8    20   1823.47
    2003     8    25   1849.74
    2003     8    31   1862.56
    2003     9     5   1863.83
    2003     9    10   1872.88
    2003     9    15   1890.64
    2003     9    20   1922.99
    2003     9    25   1933.07
    2003     9    30   1926.57
    2003    10     5   1920.96
    2003    10    10   1885.98
    2003    10    15   1872.12
    2003    10    20   1884.49
    2003    10    25   1866.08
    2003    10    31   1844.25
    2003    11     5   1791.79
    2003    11    10   1757.45
    2003    11    15   1704.32
    2003    11    20   1630.67
    2003    11    25   1560.82
    2003    11    30   1491.40
    2003    12     5   1391.21
    2003    12    10   1273.22
    2003    12    15   1154.90
    2003    12    20   1022.37
    2003    12    25    906.91
    2003    12    31    803.89
    2004     1     5    727.61
    2004     1    10    648.23
    2004     1    15    601.40
    2004     1    20    551.52
    2004     1    25    517.48
    2004     1    31    465.89
    2004     2     5    440.32
    2004     2    10    396.16
    2004     2    15    385.91
    2004     2    20    367.67
    2004     2    25    385.27
    2004     2    28    386.52
    2004     3     5    413.44
    2004     3    10    446.46
    2004     3    15    490.99
    2004     3    20    523.01
    2004     3    25    556.79
    2004     3    31    609.11
    2004     4     5    666.35
    2004     4    10    711.00
    2004     4    15    766.72
    2004     4    20    805.78
    2004     4    25    855.89
    2004     4    30    920.88
    2004     5     5    974.06
    2004     5    10   1019.79
    2004     5    15   1079.41
    2004     5    20   1131.01
    2004     5    25   1197.18
    2004     5    31   1264.39
    2004     6     5   1310.95
    2004     6    10   1366.04
    2004     6    15   1437.15
    2004     6    20   1488.10
    2004     6    25   1531.96
    2004     6    30   1569.23
    2004     7     5   1595.87
    2004     7    10   1654.83
    2004     7    15   1692.01
    2004     7    20   1726.90
    2004     7    25   1742.04
    2004     7    31   1801.69
    2004     8     5   1813.07
    2004     8    10   1843.83
    2004     8    15   1867.39
    2004     8    20   1865.26
    2004     8    25   1931.87
    2004     8    31   1939.81
    2004     9     5   1965.46
    2004     9    10   1961.80
    2004     9    15   1953.91
    2004     9    20   1963.80
    2004     9    25   1953.14
    2004     9    30   1952.64
    2004    10     5   1950.20
    2004    10    10   1926.53
    2004    10    15   1918.46
    2004    10    20   1905.76
    2004    10    25   1879.56
    2004    10    31   1847.34
    2004    11     5   1793.83
    2004    11    10   1766.41
    2004    11    15   1709.27
    2004    11    20   1642.38
    2004    11    25   1562.29
    2004    11    30   1460.33
    2004    12     5   1383.31
    2004    12    10   1293.02
    2004    12    15   1124.85
    2004    12    20    950.09
    2004    12    25    849.44
    2004    12    31    757.17
    2005     1     5    637.63
    2005     1    10    587.37
    2005     1    15    492.87
    2005     1    20    446.74
    2005     1    25    403.29
    2005     1    31    359.79
    2005     2     5    337.07
    2005     2    10    317.87
    2005     2    15    309.22
    2005     2    20    310.23
    2005     2    25    322.11
    2005     2    28    338.72
    2005     3     5    361.12
    2005     3    10    394.17
    2005     3    15    433.09
    2005     3    20    469.27
    2005     3    25    524.88
    2005     3    31    581.86
    2005     4     5    630.31
    2005     4    10    680.64
    2005     4    15    736.76
    2005     4    20    784.60
    2005     4    25    832.77
    2005     4    30    888.12
    2005     5     5    938.80
    2005     5    10   1003.05
    2005     5    15   1048.62
    2005     5    20   1114.37
    2005     5    25   1189.44
    2005     5    31   1228.31
    2005     6     5   1259.06
    2005     6    10   1327.93
    2005     6    15   1378.38
    2005     6    20   1418.62
    2005     6    25   1501.34
    2005     6    30   1533.42
    2005     7     5   1572.01
    2005     7    10   1612.47
    2005     7    15   1687.22
    2005     7    20   1731.72
    2005     7    25   1768.29
    2005     7    31   1811.35
    2005     8     5   1831.94
    2005     8    10   1827.85
    2005     8    15   1855.18
    2005     8    20   1878.02
    2005     8    25   1885.06
    2005     8    31   1876.34
    2005     9     5   1908.55
    2005     9    10   1943.81
    2005     9    15   1944.74
    2005     9    20   1962.02
    2005     9    25   1990.32
    2005     9    30   2000.67
    2005    10     5   1967.91
    2005    10    10   1939.47
    2005    10    15   1934.55
    2005    10    20   1883.95
    2005    10    25   1867.29
    2005    10    31   1854.67
    2005    11     5   1818.44
    2005    11    10   1776.68
    2005    11    15   1739.64
    2005    11    20   1670.65
    2005    11    25   1578.76
    2005    11    30   1485.06
    2005    12     5   1346.50
    2005    12    10   1195.72
    2005    12    15   1051.28
    2005    12    20    925.88
    2005    12    25    785.68
    2005    12    31    669.95
    2006     1     5    579.82
    2006     1    10    504.31
    2006     1    15    440.43
    2006     1    20    390.88
    2006     1    25    351.58
    2006     1    31    315.16
    2006     2     5    297.13
    2006     2    10    287.57
    2006     2    15    280.32
    2006     2    20    274.82
    2006     2    25    285.28
    2006     2    28    288.15
    2006     3     5    299.29
    2006     3    10    321.45
    2006     3    15    335.99
    2006     3    20    375.31
    2006     3    25    420.91
    2006     3    31    483.98
    2006     4     5    531.48
    2006     4    10    581.42
    2006     4    15    624.31
    2006     4    20    685.16
    2006     4    25    734.72
    2006     4    30    783.85
    2006     5     5    846.81
    2006     5    10    902.69
    2006     5    15    950.47
    2006     5    20   1024.96
    2006     5    25   1111.21
    2006     5    31   1213.20
    2006     6     5   1260.26
    2006     6    10   1332.81
    2006     6    15   1394.31
    2006     6    20   1431.32
    2006     6    25   1487.72
    2006     6    30   1538.63
    2006     7     5   1578.36
    2006     7    10   1626.27
    2006     7    15   1653.47
    2006     7    20   1701.64
    2006     7    25   1757.28
    2006     7    31   1766.56
    2006     8     5   1790.04
    2006     8    10   1842.45
    2006     8    15   1863.12
    2006     8    20   1918.32
    2006     8    25   1949.65
    2006     8    31   1959.04
    2006     9     5   1953.03
    2006     9    10   1946.21
    2006     9    15   1977.26
    2006     9    20   1997.82
    2006     9    25   2001.92
    2006     9    30   1979.18
    2006    10     5   1992.09
    2006    10    10   1965.93
    2006    10    15   1948.63
    2006    10    20   1921.14
    2006    10    25   1902.71
    2006    10    31   1858.80
    2006    11     5   1821.92
    2006    11    10   1768.22
    2006    11    15   1716.16
    2006    11    20   1659.11
    2006    11    25   1566.34
    2006    11    30   1456.31
    2006    12     5   1325.53
    2006    12    10   1192.18
    2006    12    15   1067.54
    2006    12    20    934.46
    2006    12    25    854.20
    2006    12    31    731.37
    2007     1     5    660.75
    2007     1    10    584.48
    2007     1    15    505.54
    2007     1    20    450.39
    2007     1    25    398.51
    2007     1    31    360.70
    2007     2     5    339.86
    2007     2    10    320.69
    2007     2    15    306.60
    2007     2    20    308.86
    2007     2    25    330.43
    2007     2    28    353.16
    2007     3     5    369.98
    2007     3    10    396.53
    2007     3    15    409.19
    2007     3    20    439.52
    2007     3    25    470.98
    2007     3    31    523.31
    2007     4     5    553.86
    2007     4    10    621.02
    2007     4    15    658.01
    2007     4    20    729.49
    2007     4    25    787.14
    2007     4    30    834.63
    2007     5     5    865.78
    2007     5    10    928.87
    2007     5    15    993.42
    2007     5    20   1051.72
    2007     5    25   1117.81
    2007     5    31   1212.33
    2007     6     5   1262.59
    2007     6    10   1315.88
    2007     6    15   1375.14
    2007     6    20   1440.05
    2007     6    25   1484.18
    2007     6    30   1515.37
    2007     7     5   1551.23
    2007     7    10   1593.84
    2007     7    15   1641.06
    2007     7    20   1697.23
    2007     7    25   1762.38
    2007     7    31   1795.66
    2007     8     5   1808.09
    2007     8    10   1815.53
    2007     8    15   1808.31
    2007     8    20   1820.72
    2007     8    25   1862.70
    2007     8    31   1907.73
    2007     9     5   1933.80
    2007     9    10   1943.00
    2007     9    15   1944.31
    2007     9    20   1961.08
    2007     9    25   1960.77
    2007     9    30   1961.61
    2007    10     5   1939.41
    2007    10    10   1917.56
    2007    10    15   1933.30
    2007    10    20   1921.10
    2007    10    25   1898.71
    2007    10    31   1844.25
    2007    11     5   1788.44
    2007    11    10   1727.82
    2007    11    15   1654.44
    2007    11    20   1598.45
    2007    11    25   1537.03
    2007    11    30   1483.29
    2007    12     5   1417.47
    2007    12    10   1357.84
    2007    12    15   1298.71
    2007    12    20   1217.85
    2007    12    25   1127.18
    2007    12    31    987.46
    2008     1     5    883.29
    2008     1    10    786.29
    2008     1    15    680.30
    2008     1    20    619.87
    2008     1    25    534.29
    2008     1    31    471.07
    2008     2     5    446.99
    2008     2    10    427.72
    2008     2    15    404.60
    2008     2    20    416.65
    2008     2    25    435.27
    2008     2    28    438.51
    2008     3     5    480.75
    2008     3    10    514.80
    2008     3    15    558.35
    2008     3    20    598.18
    2008     3    25    644.38
    2008     3    31    691.10
    2008     4     5    754.85
    2008     4    10    808.00
    2008     4    15    860.51
    2008     4    20    928.27
    2008     4    25    961.92
    2008     4    30    989.92
    2008     5     5   1050.33
    2008     5    10   1088.16
    2008     5    15   1138.98
    2008     5    20   1181.08
    2008     5    25   1236.20
    2008     5    31   1291.39
    2008     6     5   1351.45
    2008     6    10   1406.80
    2008     6    15   1458.25
    2008     6    20   1508.23
    2008     6    25   1559.22
    2008     6    30   1562.29
    2008     7     5   1596.36
    2008     7    10   1613.75
    2008     7    15   1673.49
    2008     7    20   1711.20
    2008     7    25   1699.48
    2008     7    31   1763.70
    2008     8     5   1785.10
    2008     8    10   1819.47
    2008     8    15   1845.29
    2008     8    20   1831.04
    2008     8    25   1843.51
    2008     8    31   1869.04
    2008     9     5   1885.08
    2008     9    10   1879.36
    2008     9    15   1886.67
    2008     9    20   1872.08
    2008     9    25   1859.93
    2008     9    30   1865.67
    2008    10     5   1885.65
    2008    10    10   1870.40
    2008    10    15   1872.46
    2008    10    20   1861.17
    2008    10    25   1857.81
    2008    10    31   1849.66
    2008    11     5   1812.52
    2008    11    10   1749.27
    2008    11    15   1699.27
    2008    11    20   1635.31
    2008    11    25   1567.89
    2008    11    30   1513.56
    2008    12     5   1436.00
    2008    12    10   1341.96
    2008    12    15   1274.25
    2008    12    20   1145.51
    2008    12    25   1024.91
    2008    12    31    864.21
    2009     1     5    778.04
    2009     1    10    711.54
    2009     1    15    636.45
    2009     1    20    542.29
    2009     1    25    468.53
    2009     1    31    406.43
    2009     2     5    357.34
    2009     2    10    339.11
    2009     2    15    317.46
    2009     2    20    304.92
    2009     2    25    329.01
    2009     2    28    349.93
    2009     3     5    397.32
    2009     3    10    424.58
    2009     3    15    474.95
    2009     3    20    537.60
    2009     3    25    569.13
    2009     3    31    638.60
    2009     4     5    685.74
    2009     4    10    751.72
    2009     4    15    823.77
    2009     4    20    871.88
    2009     4    25    931.93
    2009     4    30    957.81
    2009     5     5   1006.04
    2009     5    10   1064.03
    2009     5    15   1119.52
    2009     5    20   1153.83
    2009     5    25   1216.04
    2009     5    31   1272.82
    2009     6     5   1319.62
    2009     6    10   1386.71
    2009     6    15   1426.53
    2009     6    20   1479.52
    2009     6    25   1526.13
    2009     6    30   1539.92
    2009     7     5   1577.91
    2009     7    10   1647.88
    2009     7    15   1675.88
    2009     7    20   1686.09
    2009     7    25   1717.82
    2009     7    31   1758.36
    2009     8     5   1794.69
    2009     8    10   1842.90
    2009     8    15   1877.88
    2009     8    20   1879.50
    2009     8    25   1888.98
    2009     8    31   1900.78
    2009     9     5   1935.01
    2009     9    10   1937.16
    2009     9    15   1939.09
    2009     9    20   1966.47
    2009     9    25   1973.12
    2009     9    30   1936.85
    2009    10     5   1929.62
    2009    10    10   1901.07
    2009    10    15   1876.83
    2009    10    20   1861.87
    2009    10    25   1836.35
    2009    10    31   1792.21
    2009    11     5   1743.36
    2009    11    10   1698.29
    2009    11    15   1655.06
    2009    11    20   1579.45
    2009    11    25   1512.02
    2009    11    30   1441.51
    2009    12     5   1347.00
    2009    12    10   1243.69
    2009    12    15   1138.70
    2009    12    20   1043.19
    2009    12    25    935.83
    2009    12    31    799.24
    2010     1     5    661.18
    2010     1    10    568.82
    2010     1    15    497.90
    2010     1    20    449.86
    2010     1    25    422.16
    2010     1    31    374.83
    2010     2     5    355.18
    2010     2    10    326.21
    2010     2    15    310.33
    2010     2    20    307.12
    2010     2    25    336.49
    2010     2    28    340.40
    2010     3     5    351.55
    2010     3    10    394.34
    2010     3    15    403.18
    2010     3    20    418.53
    2010     3    25    454.03
    2010     3    31    518.90
    2010     4     5    585.42
    2010     4    10    628.37
    2010     4    15    680.79
    2010     4    20    748.06
    2010     4    25    815.94
    2010     4    30    881.46
    2010     5     5    946.75
    2010     5    10    998.72
    2010     5    15   1070.30
    2010     5    20   1131.74
    2010     5    25   1224.52
    2010     5    31   1301.53
    2010     6     5   1359.98
    2010     6    10   1420.68
    2010     6    15   1462.08
    2010     6    20   1528.25
    2010     6    25   1584.34
    2010     6    30   1629.12
    2010     7     5   1662.92
    2010     7    10   1696.91
    2010     7    15   1734.97
    2010     7    20   1764.17
    2010     7    25   1771.09
    2010     7    31   1817.68
    2010     8     5   1854.63
    2010     8    10   1888.61
    2010     8    15   1927.33
    2010     8    20   1917.55
    2010     8    25   1943.26
    2010     8    31   1926.53
    2010     9     5   1942.17
    2010     9    10   1942.09
    2010     9    15   1932.77
    2010     9    20   1915.76
    2010     9    25   1930.92
    2010     9    30   1934.41
    2010    10     5   1941.21
    2010    10    10   1930.17
    2010    10    15   1920.92
    2010    10    20   1894.20
    2010    10    25   1879.46
    2010    10    31   1847.99
    2010    11     5   1814.58
    2010    11    10   1774.53
    2010    11    15   1752.57
    2010    11    20   1698.54
    2010    11    25   1651.17
    2010    11    30   1584.08
    2010    12     5   1489.72
    2010    12    10   1363.74
    2010    12    15   1254.41
    2010    12    20   1087.08
    2010    12    25    946.98
    2010    12    31    752.34
    2011     1     5    655.80
    2011     1    10    567.32
    2011     1    15    463.74
    2011     1    20    381.48
    2011     1    25    350.00
    2011     1    31    312.50
    2011     2     5    291.28
    2011     2    10    270.13
    2011     2    15    255.43
    2011     2    20    248.35
    2011     2    25    259.05
    2011     2    28    276.82
    2011     3     5    298.74
    2011     3    10    328.48
    2011     3    15    365.89
    2011     3    20    393.68
    2011     3    25    419.52
    2011     3    31    457.36
    2011     4     5    496.24
    2011     4    10    584.10
    2011     4    15    625.80
    2011     4    20    692.29
    2011     4    25    747.72
    2011     4    30    813.02
    2011     5     5    874.89
    2011     5    10    954.87
    2011     5    15   1034.51
    2011     5    20   1094.47
    2011     5    25   1164.54
    2011     5    31   1239.04
    2011     6     5   1275.84
    2011     6    10   1319.99
    2011     6    15   1377.92
    2011     6    20   1411.54
    2011     6    25   1439.72
    2011     6    30   1474.95
    2011     7     5   1508.25
    2011     7    10   1538.10
    2011     7    15   1600.27
    2011     7    20   1668.43
    2011     7    25   1710.27
    2011     7    31   1758.08
    2011     8     5   1796.04
    2011     8    10   1803.45
    2011     8    15   1830.96
    2011     8    20   1846.19
    2011     8    25   1832.52
    2011     8    31   1879.83
    2011     9     5   1905.79
    2011     9    10   1904.36
    2011     9    15   1924.52
    2011     9    20   1935.70
    2011     9    25   1931.65
    2011     9    30   1940.05
    2011    10     5   1945.09
    2011    10    10   1914.60
    2011    10    15   1877.85
    2011    10    20   1856.21
    2011    10    25   1824.04
    2011    10    31   1800.96
    2011    11     5   1761.32
    2011    11    10   1727.03
    2011    11    15   1651.95
    2011    11    20   1583.85
    2011    11    25   1525.94
    2011    11    30   1457.82
    2011    12     5   1406.98
    2011    12    10   1331.02
    2011    12    15   1238.77
    2011    12    20   1134.36
    2011    12    25    980.20
    2011    12    31    835.74
    2012     1     5    732.16
    2012     1    10    649.65
    2012     1    15    583.37
    2012     1    20    534.63
    2012     1    25    492.09
    2012     1    31    443.92
    2012     2     5    423.70
    2012     2    10    390.78
    2012     2    15    372.65
    2012     2    20    355.74
    2012     2    25    351.04
    2012     2    28    360.29
    2012     3     5    389.24
    2012     3    10    429.30
    2012     3    15    483.41
    2012     3    20    524.78
    2012     3    25    548.94
    2012     3    31    607.54
    2012     4     5    646.20
    2012     4    10    681.11
    2012     4    15    745.67
    2012     4    20    801.12
    2012     4    25    862.74
    2012     4    30    911.87
    2012     5     5    961.67
    2012     5    10   1028.59
    2012     5    15   1065.61
    2012     5    20   1114.27
    2012     5    25   1157.66
    2012     5    31   1222.73
    2012     6     5   1269.48
    2012     6    10   1332.56
    2012     6    15   1390.64
    2012     6    20   1444.15
    2012     6    25   1490.21
    2012     6    30   1540.35
    2012     7     5   1585.20
    2012     7    10   1635.76
    2012     7    15   1664.54
    2012     7    20   1693.57
    2012     7    25   1737.92
    2012     7    31   1769.15
    2012     8     5   1819.82
    2012     8    10   1839.09
    2012     8    15   1852.77
    2012     8    20   1858.76
    2012     8    25   1882.45
    2012     8    31   1907.04
    2012     9     5   1927.22
    2012     9    10   1973.33
    2012     9    15   1979.60
    2012     9    20   1983.54
    2012     9    25   1996.69
    2012     9    30   1966.76
    2012    10     5   1950.28
    2012    10    10   1933.94
    2012    10    15   1908.30
    2012    10    20   1897.15
    2012    10    25   1876.58
    2012    10    31   1830.45
    2012    11     5   1789.86
    2012    11    10   1744.30
    2012    11    15   1687.84
    2012    11    20   1622.19
    2012    11    25   1535.82
    2012    11    30   1432.19
    2012    12     5   1315.34
    2012    12    10   1230.73
    2012    12    15   1118.14
    2012    12    20    996.92
    2012    12    25    871.21
    2012    12    31    752.28
    2013     1     5    690.31
    2013     1    10    630.87
    2013     1    15    572.37
    2013     1    20    529.30
    2013     1    25    479.19
    2013     1    31    439.50
    2013     2     5    412.22
    2013     2    10    387.60
    2013     2    15    382.39
    2013     2    20    387.42
    2013     2    25    400.07
    2013     2    28    410.42
    2013     3     5    442.43
    2013     3    10    497.09
    2013     3    15    518.13
    2013     3    20    547.18
    2013     3    25    586.35
    2013     3    31    631.30
    2013     4     5    685.93
    2013     4    10    730.90
    2013     4    15    780.74
    2013     4    20    818.56
    2013     4    25    879.13
    2013     4    30    937.76
    2013     5     5    995.19
    2013     5    10   1059.01
    2013     5    15   1110.72
    2013     5    20   1169.22
    2013     5    25   1225.55
    2013     5    31   1273.93
    2013     6     5   1354.54
    2013     6    10   1400.17
    2013     6    15   1454.57
    2013     6    20   1491.62
    2013     6    25   1544.17
    2013     6    30   1588.30
    2013     7     5   1632.38
    2013     7    10   1681.52
    2013     7    15   1721.01
    2013     7    20   1746.80
    2013     7    25   1776.16
    2013     7    31   1850.18
    2013     8     5   1852.11
    2013     8    10   1888.08
    2013     8    15   1925.78
    2013     8    20   1940.98
    2013     8    25   1955.93
    2013     8    31   1952.50
    2013     9     5   1967.61
    2013     9    10   1981.95
    2013     9    15   2008.83
    2013     9    20   2006.51
    2013     9    25   1996.21
    2013     9    30   2000.25
    2013    10     5   1987.29
    2013    10    10   1985.54
    2013    10    15   1970.36
    2013    10    20   1941.18
    2013    10    25   1893.42
    2013    10    31   1874.44
    2013    11     5   1843.72
    2013    11    10   1803.68
    2013    11    15   1751.21
    2013    11    20   1698.30
    2013    11    25   1631.85
    2013    11    30   1551.02
    2013    12     5   1456.46
    2013    12    10   1349.38
    2013    12    15   1263.34
    2013    12    20   1161.08
    2013    12    25   1023.29
    2013    12    31    927.51
    2014     1     5    818.55
    2014     1    10    737.60
    2014     1    15    655.00
    2014     1    20    584.02
    2014     1    25    531.77
    2014     1    31    473.41
    2014     2     5    427.18
    2014     2    10    403.18
    2014     2    15    384.11
    2014     2    20    378.76
    2014     2    25    385.63
    2014     2    28    397.19
    2014     3     5    426.80
    2014     3    10    466.35
    2014     3    15    503.82
    2014     3    20    533.64
    2014     3    25    596.24
    2014     3    31    674.30
    2014     4     5    737.19
    2014     4    10    796.38
    2014     4    15    861.58
    2014     4    20    919.65
    2014     4    25    959.94
    2014     4    30   1005.06
    2014     5     5   1088.12
    2014     5    10   1123.06
    2014     5    15   1168.79
    2014     5    20   1229.79
    2014     5    25   1274.88
    2014     5    31   1331.84
    2014     6     5   1385.73
    2014     6    10   1431.33
    2014     6    15   1490.83
    2014     6    20   1555.54
    2014     6    25   1616.04
    2014     6    30   1667.53
    2014     7     5   1695.81
    2014     7    10   1690.33
    2014     7    15   1716.92
    2014     7    20   1776.40
    2014     7    25   1828.83
    2014     7    31   1859.69
    2014     8     5   1904.39
    2014     8    10   1926.48
    2014     8    15   1948.95
    2014     8    20   1954.48
    2014     8    25   1952.11
    2014     8    31   1976.85
    2014     9     5   1982.01
    2014     9    10   2009.84
    2014     9    15   2050.48
    2014     9    20   2074.05
    2014     9    25   2043.91
    2014     9    30   2033.38
    2014    10     5   2001.41
    2014    10    10   1976.94
    2014    10    15   1946.28
    2014    10    20   1920.21
    2014    10    25   1912.64
    2014    10    31   1870.64
    2014    11     5   1816.11
    2014    11    10   1758.07
    2014    11    15   1695.87
    2014    11    20   1633.64
    2014    11    25   1574.12
    2014    11    30   1494.96
    2014    12     5   1440.13
    2014    12    10   1347.67
    2014    12    15   1267.47
    2014    12    20   1166.33
    2014    12    25   1059.64
    2014    12    31    976.94
    2015     1     5    916.10
    2015     1    10    834.90
    2015     1    15    754.01
    2015     1    20    644.36
    2015     1    25    539.36
    2015     1    31    485.14
    2015     2     5    427.07
    2015     2    10    393.72
    2015     2    15    384.45
    2015     2    20    383.26
    2015     2    25    387.56
    2015     2    28    399.68
    2015     3     5    435.01
    2015     3    10    464.39
    2015     3    15    511.81
    2015     3    20    562.71
    2015     3    25    607.56
    2015     3    31    667.26
    2015     4     5    720.63
    2015     4    10    794.91
    2015     4    15    851.77
    2015     4    20    929.37
    2015     4    25    989.53
    2015     4    30   1040.00
    2015     5     5   1093.81
    2015     5    10   1150.46
    2015     5    15   1198.73
    2015     5    20   1233.68
    2015     5    25   1294.24
    2015     5    31   1325.43
    2015     6     5   1370.38
    2015     6    10   1422.63
    2015     6    15   1482.13
    2015     6    20   1540.95
    2015     6    25   1578.30
    2015     6    30   1635.59
    2015     7     5   1690.55
    2015     7    10   1722.48
    2015     7    15   1717.25
    2015     7    20   1724.76
    2015     7    25   1772.32
    2015     7    31   1788.56
    2015     8     5   1815.59
    2015     8    10   1817.55
    2015     8    15   1808.63
    2015     8    20   1817.57
    2015     8    25   1850.53
    2015     8    31   1884.84
    2015     9     5   1910.94
    2015     9    10   1904.56
    2015     9    15   1888.37
    2015     9    20   1885.90
    2015     9    25   1877.49
    2015     9    30   1944.71
    2015    10     5   1936.75
    2015    10    10   1921.67
    2015    10    15   1918.69
    2015    10    20   1895.46
    2015    10    25   1858.04
    2015    10    31   1813.02
    2015    11     5   1778.45
    2015    11    10   1741.88
    2015    11    15   1709.77
    2015    11    20   1658.71
    2015    11    25   1574.03
    2015    11    30   1497.89
    2015    12     5   1374.18
    2015    12    10   1266.43
    2015    12    15   1113.11
    2015    12    20   1023.61
    2015    12    25    921.78
    2015    12    31    817.30
    2016     1     5    654.90
    2016     1    10    567.72
    2016     1    15    483.94
    2016     1    20    417.34
    2016     1    25    385.83
    2016     1    31    340.48
    2016     2     5    324.82
    2016     2    10    303.15
    2016     2    15    288.10
    2016     2    20    291.71
    2016     2    25    303.83
    2016     2    28    303.03
    2016     3     5    330.35
    2016     3    10    357.76
    2016     3    15    414.01
    2016     3    20    469.67
    2016     3    25    532.43
    2016     3    31    594.78
    2016     4     5    639.62
    2016     4    10    685.64
    2016     4    15    746.65
    2016     4    20    792.73
    2016     4    25    851.15
    2016     4    30    892.82
    2016     5     5    943.71
    2016     5    10    983.75
    2016     5    15   1030.78
    2016     5    20   1089.96
    2016     5    25   1124.82
    2016     5    31   1161.07
    2016     6     5   1235.61
    2016     6    10   1301.07
    2016     6    15   1373.28
    2016     6    20   1424.55
    2016     6    25   1460.35
    2016     6    30   1520.38
    2016     7     5   1563.61
    2016     7    10   1623.64
    2016     7    15   1651.90
    2016     7    20   1667.61
    2016     7    25   1708.46
    2016     7    31   1742.11
    2016     8     5   1762.27
    2016     8    10   1810.60
    2016     8    15   1851.08
    2016     8    20   1883.30
    2016     8    25   1896.74
    2016     8    31   1896.44
    2016     9     5   1885.49
    2016     9    10   1875.33
    2016     9    15   1838.12
    2016     9    20   1852.02
    2016     9    25   1855.34
    2016     9    30   1859.57
    2016    10     5   1866.73
    2016    10    10   1842.59
    2016    10    15   1822.44
    2016    10    20   1775.27
    2016    10    25   1739.19
    2016    10    31   1709.22
    2016    11     5   1654.44
    2016    11    10   1585.69
    2016    11    15   1473.26
    2016    11    20   1391.51
    2016    11    25   1318.84
    2016    11    30   1238.67
    2016    12     5   1126.36
    2016    12    10    975.23
    2016    12    15    853.29
    2016    12    20    751.55
    2016    12    25    664.00
    2016    12    31    583.50
