    Year   Month  Day   Area
    1979     1     5   1507.34
    1979     1    10   1520.61
    1979     1    15   1552.55
    1979     1    20   1579.01
    1979     1    25   1583.07
    1979     1    31   1593.99
    1979     2     5   1592.29
    1979     2    10   1609.74
    1979     2    15   1644.28
    1979     2    20   1643.70
    1979     2    25   1661.79
    1979     2    28   1654.97
    1979     3     5   1666.94
    1979     3    10   1666.36
    1979     3    15   1650.35
    1979     3    20   1659.05
    1979     3    25   1629.57
    1979     3    31   1585.77
    1979     4     5   1572.17
    1979     4    10   1583.00
    1979     4    15   1556.77
    1979     4    20   1541.36
    1979     4    25   1526.92
    1979     4    30   1495.49
    1979     5     5   1444.30
    1979     5    10   1418.85
    1979     5    15   1387.63
    1979     5    20   1360.23
    1979     5    25   1339.60
    1979     5    31   1333.55
    1979     6     5   1293.36
    1979     6    10   1282.21
    1979     6    15   1263.69
    1979     6    20   1247.16
    1979     6    25   1224.41
    1979     6    30   1197.85
    1979     7     5   1141.77
    1979     7    10   1098.30
    1979     7    15   1055.27
    1979     7    20   1017.78
    1979     7    25    974.86
    1979     7    31    944.01
    1979     8     5    896.22
    1979     8    10    850.26
    1979     8    15    832.65
    1979     8    20    791.73
    1979     8    25    773.22
    1979     8    31    746.40
    1979     9     5    728.46
    1979     9    10    724.60
    1979     9    15    715.61
    1979     9    20    706.49
    1979     9    25    716.21
    1979     9    30    723.60
    1979    10     5    778.94
    1979    10    10    803.67
    1979    10    15    859.87
    1979    10    20    921.85
    1979    10    25    972.38
    1979    10    31    994.46
    1979    11     5   1021.95
    1979    11    10   1048.87
    1979    11    15   1087.77
    1979    11    20   1127.80
    1979    11    25   1157.60
    1979    11    30   1226.52
    1979    12     5   1264.86
    1979    12    10   1322.73
    1979    12    15   1337.30
    1979    12    20   1369.36
    1979    12    25   1384.09
    1979    12    31   1428.21
    1980     1     5   1455.74
    1980     1    10   1474.12
    1980     1    15   1500.96
    1980     1    20   1525.86
    1980     1    25   1535.09
    1980     1    31   1558.63
    1980     2     5   1580.93
    1980     2    10   1602.24
    1980     2    15   1619.13
    1980     2    20   1634.05
    1980     2    25   1630.91
    1980     2    28   1636.53
    1980     3     5   1645.58
    1980     3    10   1634.58
    1980     3    15   1611.89
    1980     3    20   1613.74
    1980     3    25   1604.13
    1980     3    31   1595.25
    1980     4     5   1578.50
    1980     4    10   1576.45
    1980     4    15   1562.05
    1980     4    20   1545.47
    1980     4    25   1532.69
    1980     4    30   1495.59
    1980     5     5   1467.21
    1980     5    10   1428.73
    1980     5    15   1397.81
    1980     5    20   1358.14
    1980     5    25   1338.66
    1980     5    31   1297.96
    1980     6     5   1269.50
    1980     6    10   1256.56
    1980     6    15   1227.80
    1980     6    20   1210.42
    1980     6    25   1175.99
    1980     6    30   1163.61
    1980     7     5   1117.68
    1980     7    10   1082.55
    1980     7    15   1032.21
    1980     7    20   1008.70
    1980     7    25    963.11
    1980     7    31    -99.99
    1980     8     5    890.02
    1980     8    10    854.12
    1980     8    15    817.01
    1980     8    20    800.58
    1980     8    25    778.85
    1980     8    31    787.57
    1980     9     5    788.35
    1980     9    10    785.19
    1980     9    15    785.41
    1980     9    20    789.67
    1980     9    25    801.80
    1980     9    30    816.16
    1980    10     5    860.70
    1980    10    10    890.99
    1980    10    15    926.47
    1980    10    20    940.86
    1980    10    25    972.16
    1980    10    31   1021.02
    1980    11     5   1053.63
    1980    11    10   1097.97
    1980    11    15   1118.08
    1980    11    20   1170.24
    1980    11    25   1217.91
    1980    11    30   1270.85
    1980    12     5   1306.39
    1980    12    10   1345.01
    1980    12    15   1377.79
    1980    12    20   1387.73
    1980    12    25   1394.06
    1980    12    31   1427.63
    1981     1     5   1464.06
    1981     1    10   1472.88
    1981     1    15   1495.24
    1981     1    20   1519.89
    1981     1    25   1538.29
    1981     1    31   1570.09
    1981     2     5   1576.50
    1981     2    10   1561.03
    1981     2    15   1566.33
    1981     2    20   1577.94
    1981     2    25   1586.04
    1981     2    28   1580.24
    1981     3     5   1572.16
    1981     3    10   1578.70
    1981     3    15   1583.21
    1981     3    20   1566.83
    1981     3    25   1566.96
    1981     3    31   1559.52
    1981     4     5   1533.00
    1981     4    10   1529.35
    1981     4    15   1516.90
    1981     4    20   1505.77
    1981     4    25   1476.79
    1981     4    30   1452.60
    1981     5     5   1428.92
    1981     5    10   1412.48
    1981     5    15   1400.51
    1981     5    20   1380.05
    1981     5    25   1344.37
    1981     5    31   1324.26
    1981     6     5   1306.97
    1981     6    10   1277.88
    1981     6    15   1260.49
    1981     6    20   1233.45
    1981     6    25   1213.60
    1981     6    30   1195.06
    1981     7     5   1161.12
    1981     7    10   1106.76
    1981     7    15   1081.99
    1981     7    20   1017.69
    1981     7    25    977.69
    1981     7    31    914.82
    1981     8     5    865.41
    1981     8    10    829.37
    1981     8    15    804.37
    1981     8    20    780.04
    1981     8    25    771.70
    1981     8    31    755.07
    1981     9     5    739.98
    1981     9    10    719.62
    1981     9    15    723.77
    1981     9    20    742.40
    1981     9    25    749.75
    1981     9    30    782.08
    1981    10     5    833.72
    1981    10    10    867.41
    1981    10    15    901.59
    1981    10    20    918.22
    1981    10    25    929.90
    1981    10    31    982.44
    1981    11     5   1034.53
    1981    11    10   1060.88
    1981    11    15   1113.18
    1981    11    20   1127.47
    1981    11    25   1173.38
    1981    11    30   1199.60
    1981    12     5   1264.32
    1981    12    10   1292.59
    1981    12    15   1357.81
    1981    12    20   1393.42
    1981    12    25   1407.66
    1981    12    31   1437.50
    1982     1     5   1479.14
    1982     1    10   1523.72
    1982     1    15   1535.01
    1982     1    20   1540.69
    1982     1    25   1558.45
    1982     1    31   1588.23
    1982     2     5   1602.21
    1982     2    10   1599.89
    1982     2    15   1605.99
    1982     2    20   1621.68
    1982     2    25   1643.98
    1982     2    28   1648.88
    1982     3     5   1644.44
    1982     3    10   1632.77
    1982     3    15   1612.36
    1982     3    20   1610.30
    1982     3    25   1609.48
    1982     3    31   1613.90
    1982     4     5   1599.36
    1982     4    10   1569.18
    1982     4    15   1565.10
    1982     4    20   1545.77
    1982     4    25   1522.38
    1982     4    30   1506.26
    1982     5     5   1478.34
    1982     5    10   1435.09
    1982     5    15   1416.31
    1982     5    20   1380.75
    1982     5    25   1367.16
    1982     5    31   1334.86
    1982     6     5   1297.00
    1982     6    10   1289.47
    1982     6    15   1274.43
    1982     6    20   1258.59
    1982     6    25   1224.08
    1982     6    30   1206.03
    1982     7     5   1155.70
    1982     7    10   1125.45
    1982     7    15    -99.99
    1982     7    20   1040.99
    1982     7    25    992.27
    1982     7    31    -99.99
    1982     8     5    893.77
    1982     8    10    855.73
    1982     8    15    839.38
    1982     8    20    825.50
    1982     8    25    806.84
    1982     8    31    777.41
    1982     9     5    752.84
    1982     9    10    744.37
    1982     9    15    740.00
    1982     9    20    741.98
    1982     9    25    751.89
    1982     9    30    769.94
    1982    10     5    829.79
    1982    10    10    900.07
    1982    10    15    968.38
    1982    10    20    990.69
    1982    10    25   1020.29
    1982    10    31   1059.82
    1982    11     5   1104.46
    1982    11    10   1127.79
    1982    11    15   1167.62
    1982    11    20   1188.90
    1982    11    25   1209.60
    1982    11    30   1280.66
    1982    12     5   1305.09
    1982    12    10   1345.68
    1982    12    15   1373.18
    1982    12    20   1411.80
    1982    12    25   1418.43
    1982    12    31   1437.03
    1983     1     5   1467.00
    1983     1    10   1473.52
    1983     1    15   1502.45
    1983     1    20   1532.06
    1983     1    25   1555.02
    1983     1    31   1579.56
    1983     2     5   1590.03
    1983     2    10   1604.46
    1983     2    15   1621.25
    1983     2    20   1634.74
    1983     2    25   1644.48
    1983     2    28   1631.16
    1983     3     5   1616.72
    1983     3    10   1631.83
    1983     3    15   1645.57
    1983     3    20   1624.59
    1983     3    25   1615.40
    1983     3    31   1606.79
    1983     4     5   1589.37
    1983     4    10   1567.55
    1983     4    15   1526.89
    1983     4    20   1494.21
    1983     4    25   1458.58
    1983     4    30   1433.42
    1983     5     5   1402.87
    1983     5    10   1380.76
    1983     5    15   1354.03
    1983     5    20   1338.11
    1983     5    25   1324.31
    1983     5    31   1305.02
    1983     6     5   1285.43
    1983     6    10   1262.01
    1983     6    15   1241.92
    1983     6    20   1230.87
    1983     6    25   1212.16
    1983     6    30   1193.11
    1983     7     5   1163.70
    1983     7    10   1138.77
    1983     7    15   1117.08
    1983     7    20   1053.03
    1983     7    25   1013.39
    1983     7    31    966.64
    1983     8     5    912.85
    1983     8    10    889.17
    1983     8    15    836.42
    1983     8    20    817.77
    1983     8    25    795.90
    1983     8    31    782.31
    1983     9     5    763.31
    1983     9    10    760.05
    1983     9    15    755.63
    1983     9    20    772.20
    1983     9    25    768.91
    1983     9    30    816.14
    1983    10     5    850.30
    1983    10    10    898.61
    1983    10    15    932.34
    1983    10    20    975.52
    1983    10    25   1008.02
    1983    10    31   1039.05
    1983    11     5   1093.70
    1983    11    10   1108.48
    1983    11    15   1163.73
    1983    11    20   1197.84
    1983    11    25   1229.29
    1983    11    30   1253.18
    1983    12     5   1301.00
    1983    12    10   1325.22
    1983    12    15   1354.90
    1983    12    20   1346.68
    1983    12    25   1375.23
    1983    12    31   1409.67
    1984     1     5   1436.16
    1984     1    10   1452.21
    1984     1    15   1450.21
    1984     1    20   1470.09
    1984     1    25   1491.39
    1984     1    31   1512.24
    1984     2     5   1525.68
    1984     2    10   1529.67
    1984     2    15   1556.97
    1984     2    20   1568.01
    1984     2    25   1570.61
    1984     2    28   1574.46
    1984     3     5   1568.67
    1984     3    10   1575.38
    1984     3    15   1586.72
    1984     3    20   1600.61
    1984     3    25   1573.98
    1984     3    31   1564.37
    1984     4     5   1551.90
    1984     4    10   1547.07
    1984     4    15   1520.06
    1984     4    20   1510.16
    1984     4    25   1476.45
    1984     4    30   1449.53
    1984     5     5   1408.90
    1984     5    10   1399.92
    1984     5    15   1373.64
    1984     5    20   1357.37
    1984     5    25   1340.17
    1984     5    31   1310.19
    1984     6     5   1270.98
    1984     6    10   1249.53
    1984     6    15   1232.72
    1984     6    20   1217.82
    1984     6    25   1206.10
    1984     6    30   1165.78
    1984     7     5   1150.53
    1984     7    10   1102.40
    1984     7    15   1051.50
    1984     7    20   1013.71
    1984     7    25    988.60
    1984     7    31    936.60
    1984     8     5    868.67
    1984     8    10    836.59
    1984     8    15    -99.99
    1984     8    20    -99.99
    1984     8    25    773.17
    1984     8    31    747.09
    1984     9     5    711.69
    1984     9    10    691.57
    1984     9    15    707.72
    1984     9    20    707.61
    1984     9    25    749.48
    1984     9    30    777.20
    1984    10     5    809.07
    1984    10    10    830.63
    1984    10    15    843.38
    1984    10    20    884.21
    1984    10    25    919.69
    1984    10    31    951.29
    1984    11     5   1007.03
    1984    11    10   1035.92
    1984    11    15   1098.24
    1984    11    20   1142.81
    1984    11    25   1203.48
    1984    11    30   1203.55
    1984    12     5   1257.47
    1984    12    10   1295.22
    1984    12    15   1317.76
    1984    12    20   1330.78
    1984    12    25   1347.41
    1984    12    31   1394.58
    1985     1     5   1450.37
    1985     1    10   1469.45
    1985     1    15   1485.06
    1985     1    20   1516.02
    1985     1    25   1527.50
    1985     1    31   1544.70
    1985     2     5   1563.55
    1985     2    10   1568.28
    1985     2    15   1565.80
    1985     2    20   1562.79
    1985     2    25   1574.91
    1985     2    28   1589.08
    1985     3     5   1584.16
    1985     3    10   1580.01
    1985     3    15   1631.47
    1985     3    20   1626.90
    1985     3    25   1627.72
    1985     3    31   1598.50
    1985     4     5   1570.26
    1985     4    10   1562.07
    1985     4    15   1561.25
    1985     4    20   1544.55
    1985     4    25   1528.97
    1985     4    30   1502.47
    1985     5     5   1480.96
    1985     5    10   1447.14
    1985     5    15   1429.59
    1985     5    20   1403.01
    1985     5    25   1388.02
    1985     5    31   1345.78
    1985     6     5   1296.85
    1985     6    10   1276.36
    1985     6    15   1244.60
    1985     6    20   1205.01
    1985     6    25   1182.46
    1985     6    30   1161.21
    1985     7     5   1108.62
    1985     7    10   1084.80
    1985     7    15   1032.85
    1985     7    20    993.73
    1985     7    25    940.96
    1985     7    31    886.08
    1985     8     5    849.49
    1985     8    10    806.11
    1985     8    15    793.39
    1985     8    20    769.29
    1985     8    25    754.07
    1985     8    31    726.06
    1985     9     5    696.77
    1985     9    10    690.59
    1985     9    15    701.82
    1985     9    20    709.37
    1985     9    25    725.11
    1985     9    30    741.35
    1985    10     5    791.42
    1985    10    10    830.50
    1985    10    15    868.90
    1985    10    20    886.10
    1985    10    25    923.95
    1985    10    31    989.34
    1985    11     5   1032.59
    1985    11    10   1073.75
    1985    11    15   1115.56
    1985    11    20   1139.85
    1985    11    25   1175.48
    1985    11    30   1207.93
    1985    12     5   1255.84
    1985    12    10   1295.41
    1985    12    15   1308.41
    1985    12    20   1350.40
    1985    12    25   1375.13
    1985    12    31   1379.55
    1986     1     5   1462.69
    1986     1    10   1482.37
    1986     1    15   1516.31
    1986     1    20   1533.74
    1986     1    25   1549.25
    1986     1    31   1546.24
    1986     2     5   1564.56
    1986     2    10   1600.63
    1986     2    15   1603.85
    1986     2    20   1616.32
    1986     2    25   1614.56
    1986     2    28   1621.46
    1986     3     5   1619.33
    1986     3    10   1630.43
    1986     3    15   1624.88
    1986     3    20   1606.05
    1986     3    25   1595.66
    1986     3    31    -99.99
    1986     4     5   1590.66
    1986     4    10   1593.50
    1986     4    15   1523.16
    1986     4    20   1504.26
    1986     4    25   1492.80
    1986     4    30   1470.48
    1986     5     5   1410.11
    1986     5    10   1372.73
    1986     5    15   1347.60
    1986     5    20   1329.22
    1986     5    25   1309.07
    1986     5    31   1283.58
    1986     6     5   1252.61
    1986     6    10   1229.83
    1986     6    15   1214.85
    1986     6    20   1203.99
    1986     6    25   1198.53
    1986     6    30   1170.05
    1986     7     5   1143.06
    1986     7    10   1106.03
    1986     7    15   1070.78
    1986     7    20   1017.51
    1986     7    25    972.27
    1986     7    31    933.52
    1986     8     5    887.49
    1986     8    10    847.03
    1986     8    15    812.88
    1986     8    20    806.56
    1986     8    25    787.66
    1986     8    31    763.56
    1986     9     5    741.12
    1986     9    10    742.98
    1986     9    15    749.36
    1986     9    20    769.98
    1986     9    25    776.08
    1986     9    30    826.16
    1986    10     5    878.38
    1986    10    10    920.50
    1986    10    15    951.41
    1986    10    20   1000.70
    1986    10    25   1007.43
    1986    10    31   1036.56
    1986    11     5   1079.40
    1986    11    10   1111.68
    1986    11    15   1178.02
    1986    11    20   1187.67
    1986    11    25   1228.66
    1986    11    30   1247.62
    1986    12     5   1275.44
    1986    12    10   1308.85
    1986    12    15   1316.49
    1986    12    20   1353.27
    1986    12    25   1389.57
    1986    12    31   1426.85
    1987     1     5   1458.48
    1987     1    10   1498.64
    1987     1    15   1493.49
    1987     1    20   1527.90
    1987     1    25   1555.37
    1987     1    31   1601.71
    1987     2     5   1615.92
    1987     2    10   1613.87
    1987     2    15   1620.36
    1987     2    20   1637.83
    1987     2    25   1650.04
    1987     2    28   1643.23
    1987     3     5   1607.86
    1987     3    10   1592.65
    1987     3    15   1605.37
    1987     3    20   1597.80
    1987     3    25   1590.57
    1987     3    31   1590.52
    1987     4     5   1566.95
    1987     4    10   1574.81
    1987     4    15   1557.58
    1987     4    20   1528.36
    1987     4    25   1499.90
    1987     4    30   1469.57
    1987     5     5   1438.46
    1987     5    10   1405.24
    1987     5    15   1392.67
    1987     5    20   1369.09
    1987     5    25   1355.19
    1987     5    31   1328.69
    1987     6     5   1299.08
    1987     6    10   1282.71
    1987     6    15   1260.66
    1987     6    20   1253.91
    1987     6    25   1224.62
    1987     6    30   1204.47
    1987     7     5   1156.18
    1987     7    10   1128.41
    1987     7    15   1079.29
    1987     7    20   1032.84
    1987     7    25    989.08
    1987     7    31    926.11
    1987     8     5    860.95
    1987     8    10    831.39
    1987     8    15    775.26
    1987     8    20    761.30
    1987     8    25    727.70
    1987     8    31    732.24
    1987     9     5    728.86
    1987     9    10    736.87
    1987     9    15    746.83
    1987     9    20    771.64
    1987     9    25    796.11
    1987     9    30    815.29
    1987    10     5    882.31
    1987    10    10    897.92
    1987    10    15    920.17
    1987    10    20    941.37
    1987    10    25    961.18
    1987    10    31   1020.14
    1987    11     5   1051.44
    1987    11    10   1095.19
    1987    11    15   1157.29
    1987    11    20   1180.10
    1987    11    25   1218.16
    1987    11    30   1249.30
    1987    12     5    -99.99
    1987    12    10    -99.99
    1987    12    15    -99.99
    1987    12    20    -99.99
    1987    12    25    -99.99
    1987    12    31    -99.99
    1988     1     5    -99.99
    1988     1    10    -99.99
    1988     1    15   1520.67
    1988     1    20   1530.01
    1988     1    25   1530.95
    1988     1    31   1572.55
    1988     2     5   1573.59
    1988     2    10   1553.60
    1988     2    15   1566.80
    1988     2    20   1601.14
    1988     2    25   1614.46
    1988     2    28   1627.06
    1988     3     5   1640.86
    1988     3    10   1653.60
    1988     3    15   1620.67
    1988     3    20   1608.26
    1988     3    25   1596.56
    1988     3    31   1568.37
    1988     4     5   1571.47
    1988     4    10   1558.19
    1988     4    15   1537.82
    1988     4    20   1504.64
    1988     4    25   1472.90
    1988     4    30   1458.55
    1988     5     5   1428.22
    1988     5    10   1373.42
    1988     5    15   1353.90
    1988     5    20   1311.05
    1988     5    25   1294.94
    1988     5    31   1271.26
    1988     6     5   1239.51
    1988     6    10   1215.50
    1988     6    15   1196.07
    1988     6    20   1167.68
    1988     6    25   1132.13
    1988     6    30   1102.86
    1988     7     5   1055.65
    1988     7    10   1018.68
    1988     7    15    977.56
    1988     7    20    942.64
    1988     7    25    901.94
    1988     7    31    861.75
    1988     8     5    830.40
    1988     8    10    811.75
    1988     8    15    805.11
    1988     8    20    783.71
    1988     8    25    763.30
    1988     8    31    732.40
    1988     9     5    736.37
    1988     9    10    737.72
    1988     9    15    756.20
    1988     9    20    770.31
    1988     9    25    785.90
    1988     9    30    824.94
    1988    10     5    859.31
    1988    10    10    898.21
    1988    10    15    949.99
    1988    10    20    956.65
    1988    10    25    990.40
    1988    10    31   1025.09
    1988    11     5   1056.36
    1988    11    10   1103.86
    1988    11    15   1160.64
    1988    11    20   1189.56
    1988    11    25   1224.67
    1988    11    30   1265.39
    1988    12     5   1304.26
    1988    12    10   1350.47
    1988    12    15   1383.27
    1988    12    20   1396.24
    1988    12    25   1427.33
    1988    12    31   1440.71
    1989     1     5   1452.99
    1989     1    10   1491.31
    1989     1    15   1516.84
    1989     1    20   1539.02
    1989     1    25   1564.87
    1989     1    31   1554.78
    1989     2     5   1560.42
    1989     2    10   1578.88
    1989     2    15   1566.93
    1989     2    20   1580.62
    1989     2    25   1588.01
    1989     2    28   1589.11
    1989     3     5   1597.57
    1989     3    10   1567.37
    1989     3    15   1558.29
    1989     3    20   1568.73
    1989     3    25   1553.97
    1989     3    31   1539.39
    1989     4     5   1508.78
    1989     4    10   1485.97
    1989     4    15   1448.62
    1989     4    20   1407.78
    1989     4    25   1379.81
    1989     4    30   1341.97
    1989     5     5   1322.20
    1989     5    10   1300.18
    1989     5    15   1290.76
    1989     5    20   1282.51
    1989     5    25   1270.63
    1989     5    31   1257.06
    1989     6     5   1262.71
    1989     6    10   1245.48
    1989     6    15   1223.12
    1989     6    20   1199.24
    1989     6    25   1175.93
    1989     6    30   1147.89
    1989     7     5   1112.90
    1989     7    10   1064.89
    1989     7    15   1021.52
    1989     7    20    970.83
    1989     7    25    916.72
    1989     7    31    870.47
    1989     8     5    834.41
    1989     8    10    802.34
    1989     8    15    784.14
    1989     8    20    758.39
    1989     8    25    745.26
    1989     8    31    717.17
    1989     9     5    708.22
    1989     9    10    699.67
    1989     9    15    709.61
    1989     9    20    713.67
    1989     9    25    732.03
    1989     9    30    750.11
    1989    10     5    791.46
    1989    10    10    835.17
    1989    10    15    894.33
    1989    10    20    953.86
    1989    10    25    992.16
    1989    10    31   1025.97
    1989    11     5   1048.86
    1989    11    10   1070.34
    1989    11    15   1099.27
    1989    11    20   1145.00
    1989    11    25   1229.18
    1989    11    30   1266.26
    1989    12     5   1311.18
    1989    12    10   1327.63
    1989    12    15   1352.75
    1989    12    20   1372.76
    1989    12    25   1393.39
    1989    12    31   1425.15
    1990     1     5   1448.07
    1990     1    10   1485.25
    1990     1    15   1491.08
    1990     1    20   1522.90
    1990     1    25   1534.52
    1990     1    31   1558.72
    1990     2     5   1560.67
    1990     2    10   1585.78
    1990     2    15   1574.22
    1990     2    20   1583.90
    1990     2    25   1612.51
    1990     2    28   1638.99
    1990     3     5   1631.30
    1990     3    10   1642.73
    1990     3    15   1633.31
    1990     3    20   1583.77
    1990     3    25   1590.45
    1990     3    31   1583.85
    1990     4     5   1545.22
    1990     4    10   1511.69
    1990     4    15   1473.50
    1990     4    20   1432.34
    1990     4    25   1403.10
    1990     4    30   1374.80
    1990     5     5   1359.90
    1990     5    10   1337.30
    1990     5    15   1326.32
    1990     5    20   1310.82
    1990     5    25   1272.48
    1990     5    31   1216.52
    1990     6     5   1202.74
    1990     6    10   1182.98
    1990     6    15   1161.33
    1990     6    20   1132.40
    1990     6    25   1104.27
    1990     6    30   1067.14
    1990     7     5   1025.21
    1990     7    10    979.53
    1990     7    15    931.69
    1990     7    20    880.01
    1990     7    25    821.80
    1990     7    31    761.96
    1990     8     5    726.30
    1990     8    10    700.18
    1990     8    15    677.98
    1990     8    20    647.35
    1990     8    25    634.84
    1990     8    31    632.96
    1990     9     5    622.44
    1990     9    10    630.29
    1990     9    15    633.19
    1990     9    20    620.87
    1990     9    25    637.19
    1990     9    30    668.18
    1990    10     5    718.63
    1990    10    10    780.83
    1990    10    15    863.08
    1990    10    20    939.98
    1990    10    25    973.49
    1990    10    31   1011.86
    1990    11     5   1038.61
    1990    11    10   1080.58
    1990    11    15   1115.11
    1990    11    20   1142.09
    1990    11    25   1170.89
    1990    11    30   1223.22
    1990    12     5   1273.67
    1990    12    10   1296.77
    1990    12    15   1332.94
    1990    12    20   1347.54
    1990    12    25    -99.99
    1990    12    31   1360.85
    1991     1     5   1411.89
    1991     1    10   1433.52
    1991     1    15   1471.43
    1991     1    20   1469.86
    1991     1    25   1491.67
    1991     1    31   1506.48
    1991     2     5   1498.89
    1991     2    10   1526.43
    1991     2    15   1545.36
    1991     2    20   1573.48
    1991     2    25   1586.56
    1991     2    28   1569.46
    1991     3     5   1545.64
    1991     3    10   1554.07
    1991     3    15   1567.45
    1991     3    20   1544.10
    1991     3    25   1547.88
    1991     3    31   1563.66
    1991     4     5   1548.87
    1991     4    10   1525.32
    1991     4    15   1497.98
    1991     4    20   1466.69
    1991     4    25   1451.25
    1991     4    30   1427.14
    1991     5     5   1377.11
    1991     5    10   1365.52
    1991     5    15   1347.11
    1991     5    20   1318.16
    1991     5    25   1294.09
    1991     5    31   1272.80
    1991     6     5   1267.50
    1991     6    10   1231.31
    1991     6    15   1204.38
    1991     6    20   1178.94
    1991     6    25   1148.37
    1991     6    30   1110.32
    1991     7     5   1054.59
    1991     7    10   1000.16
    1991     7    15    934.65
    1991     7    20    907.16
    1991     7    25    872.50
    1991     7    31    808.43
    1991     8     5    767.19
    1991     8    10    760.95
    1991     8    15    751.34
    1991     8    20    734.08
    1991     8    25    718.63
    1991     8    31    692.22
    1991     9     5    677.01
    1991     9    10    664.16
    1991     9    15    658.55
    1991     9    20    655.36
    1991     9    25    668.97
    1991     9    30    690.97
    1991    10     5    745.79
    1991    10    10    813.29
    1991    10    15    904.30
    1991    10    20    926.66
    1991    10    25    947.04
    1991    10    31    978.89
    1991    11     5   1026.42
    1991    11    10   1064.13
    1991    11    15   1093.70
    1991    11    20   1125.94
    1991    11    25   1182.54
    1991    11    30   1195.31
    1991    12     5   1245.13
    1991    12    10   1272.16
    1991    12    15   1313.50
    1991    12    20   1323.01
    1991    12    25   1332.13
    1991    12    31   1421.83
    1992     1     5   1435.13
    1992     1    10   1470.12
    1992     1    15   1498.53
    1992     1    20   1502.61
    1992     1    25   1514.49
    1992     1    31   1553.33
    1992     2     5   1555.01
    1992     2    10   1559.07
    1992     2    15   1575.53
    1992     2    20   1581.90
    1992     2    25   1584.14
    1992     2    28   1577.15
    1992     3     5   1571.20
    1992     3    10   1572.75
    1992     3    15   1568.45
    1992     3    20   1578.19
    1992     3    25   1579.51
    1992     3    31   1556.64
    1992     4     5   1525.02
    1992     4    10   1494.68
    1992     4    15   1489.21
    1992     4    20   1466.05
    1992     4    25   1443.83
    1992     4    30   1407.73
    1992     5     5   1369.77
    1992     5    10   1337.35
    1992     5    15   1312.46
    1992     5    20   1299.01
    1992     5    25   1287.06
    1992     5    31   1262.33
    1992     6     5   1258.98
    1992     6    10   1232.78
    1992     6    15   1215.24
    1992     6    20   1195.19
    1992     6    25   1173.06
    1992     6    30   1151.28
    1992     7     5   1128.39
    1992     7    10   1088.77
    1992     7    15   1053.54
    1992     7    20   1014.18
    1992     7    25    957.34
    1992     7    31    899.52
    1992     8     5    858.62
    1992     8    10    820.55
    1992     8    15    785.19
    1992     8    20    771.75
    1992     8    25    761.16
    1992     8    31    746.03
    1992     9     5    739.09
    1992     9    10    750.61
    1992     9    15    755.72
    1992     9    20    767.07
    1992     9    25    803.18
    1992     9    30    835.19
    1992    10     5    884.09
    1992    10    10    922.24
    1992    10    15    950.92
    1992    10    20    966.51
    1992    10    25    998.51
    1992    10    31   1033.13
    1992    11     5   1057.94
    1992    11    10   1087.85
    1992    11    15   1140.45
    1992    11    20   1212.74
    1992    11    25   1251.88
    1992    11    30   1271.73
    1992    12     5   1321.51
    1992    12    10   1343.78
    1992    12    15   1373.96
    1992    12    20   1376.95
    1992    12    25   1388.48
    1992    12    31   1423.69
    1993     1     5   1443.24
    1993     1    10   1487.51
    1993     1    15   1515.98
    1993     1    20   1557.74
    1993     1    25   1571.40
    1993     1    31   1572.06
    1993     2     5   1580.71
    1993     2    10   1616.68
    1993     2    15   1575.12
    1993     2    20   1585.46
    1993     2    25   1580.68
    1993     2    28   1588.79
    1993     3     5   1615.40
    1993     3    10   1614.64
    1993     3    15   1604.27
    1993     3    20   1593.79
    1993     3    25   1593.88
    1993     3    31   1575.52
    1993     4     5   1556.89
    1993     4    10   1541.99
    1993     4    15   1529.58
    1993     4    20   1503.71
    1993     4    25   1482.97
    1993     4    30   1441.17
    1993     5     5   1398.04
    1993     5    10   1373.58
    1993     5    15   1323.55
    1993     5    20   1298.36
    1993     5    25   1265.63
    1993     5    31   1249.91
    1993     6     5   1230.72
    1993     6    10   1210.57
    1993     6    15   1184.65
    1993     6    20   1164.58
    1993     6    25   1136.92
    1993     6    30   1099.77
    1993     7     5   1061.16
    1993     7    10    982.17
    1993     7    15    938.62
    1993     7    20    902.82
    1993     7    25    882.76
    1993     7    31    839.88
    1993     8     5    810.36
    1993     8    10    778.48
    1993     8    15    736.68
    1993     8    20    713.81
    1993     8    25    682.75
    1993     8    31    664.39
    1993     9     5    638.82
    1993     9    10    642.80
    1993     9    15    647.56
    1993     9    20    661.28
    1993     9    25    694.16
    1993     9    30    732.65
    1993    10     5    795.25
    1993    10    10    860.29
    1993    10    15    903.63
    1993    10    20    920.60
    1993    10    25    974.35
    1993    10    31   1031.02
    1993    11     5   1087.61
    1993    11    10   1121.25
    1993    11    15   1155.16
    1993    11    20   1179.52
    1993    11    25   1208.88
    1993    11    30   1237.37
    1993    12     5   1285.21
    1993    12    10   1335.09
    1993    12    15   1354.87
    1993    12    20   1383.19
    1993    12    25   1394.33
    1993    12    31   1422.44
    1994     1     5   1437.20
    1994     1    10   1486.73
    1994     1    15   1485.53
    1994     1    20   1529.76
    1994     1    25   1541.41
    1994     1    31   1564.82
    1994     2     5   1564.07
    1994     2    10   1570.39
    1994     2    15   1576.41
    1994     2    20   1586.35
    1994     2    25   1586.10
    1994     2    28   1591.31
    1994     3     5   1584.06
    1994     3    10   1565.16
    1994     3    15   1573.20
    1994     3    20   1561.28
    1994     3    25   1565.99
    1994     3    31   1561.26
    1994     4     5   1527.37
    1994     4    10   1521.61
    1994     4    15   1485.31
    1994     4    20   1475.03
    1994     4    25   1468.20
    1994     4    30   1441.17
    1994     5     5   1419.50
    1994     5    10   1386.81
    1994     5    15   1368.93
    1994     5    20   1348.70
    1994     5    25   1307.97
    1994     5    31   1276.89
    1994     6     5   1260.13
    1994     6    10   1226.14
    1994     6    15   1194.56
    1994     6    20   1161.63
    1994     6    25   1137.72
    1994     6    30   1117.53
    1994     7     5   1094.87
    1994     7    10   1050.05
    1994     7    15   1001.47
    1994     7    20    956.84
    1994     7    25    916.49
    1994     7    31    863.30
    1994     8     5    821.74
    1994     8    10    788.57
    1994     8    15    763.77
    1994     8    20    746.57
    1994     8    25    746.55
    1994     8    31    726.97
    1994     9     5    722.26
    1994     9    10    729.53
    1994     9    15    730.74
    1994     9    20    746.00
    1994     9    25    753.53
    1994     9    30    797.61
    1994    10     5    824.50
    1994    10    10    849.17
    1994    10    15    894.10
    1994    10    20    937.92
    1994    10    25    986.41
    1994    10    31   1028.38
    1994    11     5   1060.92
    1994    11    10   1083.20
    1994    11    15   1107.35
    1994    11    20   1136.18
    1994    11    25   1191.23
    1994    11    30   1236.82
    1994    12     5   1277.54
    1994    12    10   1308.30
    1994    12    15   1349.65
    1994    12    20   1377.15
    1994    12    25   1405.36
    1994    12    31   1437.75
    1995     1     5   1453.98
    1995     1    10   1454.17
    1995     1    15   1488.94
    1995     1    20   1499.32
    1995     1    25   1505.86
    1995     1    31   1531.54
    1995     2     5   1542.24
    1995     2    10   1552.89
    1995     2    15   1540.06
    1995     2    20   1546.07
    1995     2    25   1558.26
    1995     2    28   1559.21
    1995     3     5   1561.96
    1995     3    10   1533.35
    1995     3    15   1534.64
    1995     3    20   1543.11
    1995     3    25   1535.26
    1995     3    31   1554.19
    1995     4     5   1518.37
    1995     4    10   1493.59
    1995     4    15   1439.76
    1995     4    20   1414.32
    1995     4    25   1398.33
    1995     4    30   1377.52
    1995     5     5   1351.09
    1995     5    10   1317.56
    1995     5    15   1319.52
    1995     5    20   1278.54
    1995     5    25   1227.41
    1995     5    31   1203.53
    1995     6     5   1193.34
    1995     6    10   1165.14
    1995     6    15   1149.49
    1995     6    20   1114.69
    1995     6    25   1091.22
    1995     6    30   1045.27
    1995     7     5   1003.40
    1995     7    10    956.88
    1995     7    15    898.46
    1995     7    20    853.32
    1995     7    25    793.47
    1995     7    31    761.70
    1995     8     5    721.58
    1995     8    10    681.40
    1995     8    15    668.63
    1995     8    20    656.94
    1995     8    25    643.09
    1995     8    31    643.03
    1995     9     5    627.61
    1995     9    10    636.38
    1995     9    15    627.43
    1995     9    20    625.19
    1995     9    25    626.08
    1995     9    30    624.58
    1995    10     5    645.78
    1995    10    10    680.27
    1995    10    15    804.21
    1995    10    20    884.23
    1995    10    25    946.96
    1995    10    31    996.67
    1995    11     5   1022.60
    1995    11    10   1043.44
    1995    11    15   1077.53
    1995    11    20   1117.38
    1995    11    25   1162.22
    1995    11    30   1226.01
    1995    12     5   1253.30
    1995    12    10   1271.30
    1995    12    15   1314.82
    1995    12    20   1325.08
    1995    12    25   1350.44
    1995    12    31   1399.13
    1996     1     5   1408.79
    1996     1    10   1406.60
    1996     1    15   1424.47
    1996     1    20   1440.22
    1996     1    25   1461.91
    1996     1    31   1497.80
    1996     2     5   1524.90
    1996     2    10   1541.23
    1996     2    15   1533.83
    1996     2    20   1568.45
    1996     2    25   1542.46
    1996     2    28   1530.06
    1996     3     5   1551.79
    1996     3    10   1551.02
    1996     3    15   1533.29
    1996     3    20   1518.58
    1996     3    25   1507.07
    1996     3    31   1508.19
    1996     4     5   1470.12
    1996     4    10   1444.53
    1996     4    15   1428.20
    1996     4    20   1418.48
    1996     4    25   1403.20
    1996     4    30   1369.61
    1996     5     5   1334.85
    1996     5    10   1318.71
    1996     5    15   1306.23
    1996     5    20   1298.62
    1996     5    25   1276.49
    1996     5    31   1250.41
    1996     6     5   1234.75
    1996     6    10   1219.93
    1996     6    15   1203.87
    1996     6    20   1186.98
    1996     6    25   1159.79
    1996     6    30   1140.99
    1996     7     5   1105.44
    1996     7    10   1072.69
    1996     7    15   1015.15
    1996     7    20    976.98
    1996     7    25    936.02
    1996     7    31    898.84
    1996     8     5    873.75
    1996     8    10    850.44
    1996     8    15    833.92
    1996     8    20    810.07
    1996     8    25    783.86
    1996     8    31    766.61
    1996     9     5    741.17
    1996     9    10    750.07
    1996     9    15    767.69
    1996     9    20    798.03
    1996     9    25    823.67
    1996     9    30    831.12
    1996    10     5    870.07
    1996    10    10    907.09
    1996    10    15    927.30
    1996    10    20    953.83
    1996    10    25    967.75
    1996    10    31    993.67
    1996    11     5    991.06
    1996    11    10   1015.36
    1996    11    15   1037.37
    1996    11    20   1068.18
    1996    11    25   1118.44
    1996    11    30   1166.08
    1996    12     5   1235.77
    1996    12    10   1258.45
    1996    12    15   1310.02
    1996    12    20   1338.48
    1996    12    25   1376.33
    1996    12    31   1412.79
    1997     1     5   1437.89
    1997     1    10   1457.10
    1997     1    15   1461.28
    1997     1    20   1504.26
    1997     1    25   1507.11
    1997     1    31   1528.32
    1997     2     5   1558.31
    1997     2    10   1560.93
    1997     2    15   1584.15
    1997     2    20   1579.31
    1997     2    25   1566.57
    1997     2    28   1578.46
    1997     3     5   1567.37
    1997     3    10   1566.88
    1997     3    15   1582.66
    1997     3    20   1595.10
    1997     3    25   1591.68
    1997     3    31   1541.32
    1997     4     5   1530.37
    1997     4    10   1486.46
    1997     4    15   1458.15
    1997     4    20   1439.10
    1997     4    25   1426.32
    1997     4    30   1404.28
    1997     5     5   1372.54
    1997     5    10   1344.66
    1997     5    15   1318.19
    1997     5    20   1288.97
    1997     5    25   1278.27
    1997     5    31   1245.18
    1997     6     5   1227.91
    1997     6    10   1211.61
    1997     6    15   1178.92
    1997     6    20   1141.42
    1997     6    25   1111.85
    1997     6    30   1068.50
    1997     7     5   1033.40
    1997     7    10    989.86
    1997     7    15    936.05
    1997     7    20    910.71
    1997     7    25    866.78
    1997     7    31    805.15
    1997     8     5    766.88
    1997     8    10    743.47
    1997     8    15    725.92
    1997     8    20    722.88
    1997     8    25    698.79
    1997     8    31    675.98
    1997     9     5    678.03
    1997     9    10    681.20
    1997     9    15    680.18
    1997     9    20    681.37
    1997     9    25    693.42
    1997     9    30    712.60
    1997    10     5    755.37
    1997    10    10    801.83
    1997    10    15    848.40
    1997    10    20    882.71
    1997    10    25    933.91
    1997    10    31    983.25
    1997    11     5   1023.89
    1997    11    10   1056.14
    1997    11    15   1076.67
    1997    11    20   1105.95
    1997    11    25   1154.52
    1997    11    30   1221.31
    1997    12     5   1272.23
    1997    12    10   1299.97
    1997    12    15   1317.00
    1997    12    20   1355.93
    1997    12    25   1389.11
    1997    12    31   1414.43
    1998     1     5   1447.12
    1998     1    10   1470.06
    1998     1    15   1499.82
    1998     1    20   1517.06
    1998     1    25   1525.74
    1998     1    31   1574.48
    1998     2     5   1591.18
    1998     2    10   1579.82
    1998     2    15   1595.14
    1998     2    20   1602.90
    1998     2    25   1625.55
    1998     2    28   1593.18
    1998     3     5   1596.74
    1998     3    10   1605.98
    1998     3    15   1588.13
    1998     3    20   1567.85
    1998     3    25   1558.33
    1998     3    31   1558.22
    1998     4     5   1556.99
    1998     4    10   1525.99
    1998     4    15   1491.63
    1998     4    20   1465.70
    1998     4    25   1446.18
    1998     4    30   1434.97
    1998     5     5   1415.07
    1998     5    10   1410.67
    1998     5    15   1363.79
    1998     5    20   1328.62
    1998     5    25   1299.45
    1998     5    31   1260.57
    1998     6     5   1233.90
    1998     6    10   1203.39
    1998     6    15   1174.41
    1998     6    20   1130.29
    1998     6    25   1083.86
    1998     6    30   1051.08
    1998     7     5   1013.92
    1998     7    10    976.52
    1998     7    15    936.98
    1998     7    20    903.40
    1998     7    25    866.97
    1998     7    31    830.47
    1998     8     5    802.75
    1998     8    10    774.63
    1998     8    15    745.61
    1998     8    20    736.01
    1998     8    25    706.35
    1998     8    31    687.46
    1998     9     5    667.51
    1998     9    10    656.41
    1998     9    15    662.39
    1998     9    20    666.31
    1998     9    25    675.99
    1998     9    30    740.95
    1998    10     5    795.00
    1998    10    10    829.24
    1998    10    15    856.56
    1998    10    20    893.71
    1998    10    25    927.29
    1998    10    31    945.86
    1998    11     5    995.56
    1998    11    10   1015.85
    1998    11    15   1054.64
    1998    11    20   1087.95
    1998    11    25   1123.38
    1998    11    30   1152.93
    1998    12     5   1209.57
    1998    12    10   1252.48
    1998    12    15   1282.22
    1998    12    20   1338.56
    1998    12    25   1371.66
    1998    12    31   1397.65
    1999     1     5   1411.08
    1999     1    10   1448.76
    1999     1    15   1483.36
    1999     1    20   1464.15
    1999     1    25   1482.21
    1999     1    31   1513.38
    1999     2     5   1525.22
    1999     2    10   1553.46
    1999     2    15   1557.46
    1999     2    20   1576.08
    1999     2    25   1580.33
    1999     2    28   1555.16
    1999     3     5   1535.49
    1999     3    10   1552.51
    1999     3    15   1551.05
    1999     3    20   1568.28
    1999     3    25   1576.31
    1999     3    31   1560.76
    1999     4     5   1562.05
    1999     4    10   1542.21
    1999     4    15   1524.53
    1999     4    20   1494.48
    1999     4    25   1472.05
    1999     4    30   1459.29
    1999     5     5   1431.26
    1999     5    10   1403.52
    1999     5    15   1387.68
    1999     5    20   1346.84
    1999     5    25   1319.82
    1999     5    31   1291.75
    1999     6     5   1275.00
    1999     6    10   1229.55
    1999     6    15   1188.20
    1999     6    20   1133.25
    1999     6    25   1060.61
    1999     6    30   1035.15
    1999     7     5   1003.10
    1999     7    10    976.54
    1999     7    15    954.36
    1999     7    20    923.68
    1999     7    25    892.24
    1999     7    31    833.52
    1999     8     5    799.79
    1999     8    10    753.26
    1999     8    15    715.59
    1999     8    20    689.30
    1999     8    25    665.50
    1999     8    31    637.57
    1999     9     5    605.94
    1999     9    10    601.44
    1999     9    15    604.54
    1999     9    20    632.04
    1999     9    25    692.71
    1999     9    30    726.33
    1999    10     5    783.83
    1999    10    10    835.49
    1999    10    15    886.07
    1999    10    20    922.29
    1999    10    25    973.55
    1999    10    31   1012.28
    1999    11     5   1037.49
    1999    11    10   1064.72
    1999    11    15   1104.41
    1999    11    20   1128.90
    1999    11    25   1143.47
    1999    11    30   1166.84
    1999    12     5   1218.24
    1999    12    10   1253.48
    1999    12    15   1275.76
    1999    12    20   1305.76
    1999    12    25   1356.59
    1999    12    31   1364.89
    2000     1     5   1393.30
    2000     1    10   1421.79
    2000     1    15   1425.60
    2000     1    20   1462.45
    2000     1    25   1502.20
    2000     1    31   1526.24
    2000     2     5   1537.58
    2000     2    10   1538.38
    2000     2    15   1529.94
    2000     2    20   1545.68
    2000     2    25   1562.48
    2000     2    28   1534.06
    2000     3     5   1567.89
    2000     3    10   1549.28
    2000     3    15   1534.83
    2000     3    20   1541.12
    2000     3    25   1528.61
    2000     3    31   1525.75
    2000     4     5   1499.41
    2000     4    10   1486.10
    2000     4    15   1461.53
    2000     4    20   1446.04
    2000     4    25   1428.03
    2000     4    30   1411.04
    2000     5     5   1379.96
    2000     5    10   1341.04
    2000     5    15   1310.59
    2000     5    20   1280.79
    2000     5    25   1261.47
    2000     5    31   1223.88
    2000     6     5   1214.64
    2000     6    10   1192.56
    2000     6    15   1171.06
    2000     6    20   1137.45
    2000     6    25   1111.49
    2000     6    30   1075.67
    2000     7     5   1040.28
    2000     7    10   1005.45
    2000     7    15    956.73
    2000     7    20    916.63
    2000     7    25    874.20
    2000     7    31    806.93
    2000     8     5    767.39
    2000     8    10    752.13
    2000     8    15    720.28
    2000     8    20    693.16
    2000     8    25    674.17
    2000     8    31    637.19
    2000     9     5    628.24
    2000     9    10    622.87
    2000     9    15    634.42
    2000     9    20    656.67
    2000     9    25    676.81
    2000     9    30    694.17
    2000    10     5    768.68
    2000    10    10    827.89
    2000    10    15    865.10
    2000    10    20    893.31
    2000    10    25    924.68
    2000    10    31    966.20
    2000    11     5    984.56
    2000    11    10   1004.39
    2000    11    15   1034.11
    2000    11    20   1066.27
    2000    11    25   1127.92
    2000    11    30   1154.35
    2000    12     5   1215.69
    2000    12    10   1267.06
    2000    12    15   1279.50
    2000    12    20   1303.41
    2000    12    25   1329.72
    2000    12    31   1367.04
    2001     1     5   1390.46
    2001     1    10   1438.52
    2001     1    15   1441.27
    2001     1    20   1481.16
    2001     1    25   1488.58
    2001     1    31   1519.28
    2001     2     5   1513.97
    2001     2    10   1535.43
    2001     2    15   1564.53
    2001     2    20   1567.90
    2001     2    25   1576.38
    2001     2    28   1580.99
    2001     3     5   1594.26
    2001     3    10   1576.23
    2001     3    15   1584.09
    2001     3    20   1568.48
    2001     3    25   1560.57
    2001     3    31   1536.30
    2001     4     5   1525.12
    2001     4    10   1515.63
    2001     4    15   1490.56
    2001     4    20   1477.07
    2001     4    25   1451.06
    2001     4    30   1442.53
    2001     5     5   1420.15
    2001     5    10   1393.78
    2001     5    15   1357.40
    2001     5    20   1313.08
    2001     5    25   1284.71
    2001     5    31   1247.06
    2001     6     5   1233.02
    2001     6    10   1195.09
    2001     6    15   1135.75
    2001     6    20   1103.19
    2001     6    25   1060.88
    2001     6    30   1017.20
    2001     7     5    972.47
    2001     7    10    951.04
    2001     7    15    908.26
    2001     7    20    878.99
    2001     7    25    841.64
    2001     7    31    804.63
    2001     8     5    780.65
    2001     8    10    763.20
    2001     8    15    747.63
    2001     8    20    729.78
    2001     8    25    702.06
    2001     8    31    690.44
    2001     9     5    678.09
    2001     9    10    674.34
    2001     9    15    674.84
    2001     9    20    684.78
    2001     9    25    686.86
    2001     9    30    740.97
    2001    10     5    785.83
    2001    10    10    822.86
    2001    10    15    836.11
    2001    10    20    872.95
    2001    10    25    899.12
    2001    10    31    963.55
    2001    11     5   1026.65
    2001    11    10   1057.29
    2001    11    15   1106.92
    2001    11    20   1124.74
    2001    11    25   1128.14
    2001    11    30   1147.99
    2001    12     5   1194.56
    2001    12    10   1218.10
    2001    12    15   1265.08
    2001    12    20   1304.69
    2001    12    25   1348.57
    2001    12    31   1380.65
    2002     1     5   1383.33
    2002     1    10   1414.87
    2002     1    15   1445.79
    2002     1    20   1483.12
    2002     1    25   1506.11
    2002     1    31   1531.54
    2002     2     5   1540.24
    2002     2    10   1546.71
    2002     2    15   1565.43
    2002     2    20   1575.17
    2002     2    25   1568.23
    2002     2    28   1545.18
    2002     3     5   1562.91
    2002     3    10   1568.98
    2002     3    15   1572.58
    2002     3    20   1554.12
    2002     3    25   1539.47
    2002     3    31   1506.96
    2002     4     5   1478.50
    2002     4    10   1447.63
    2002     4    15   1443.85
    2002     4    20   1425.07
    2002     4    25   1393.24
    2002     4    30   1364.75
    2002     5     5   1342.58
    2002     5    10   1330.11
    2002     5    15   1304.47
    2002     5    20   1269.64
    2002     5    25   1239.39
    2002     5    31   1217.34
    2002     6     5   1201.49
    2002     6    10   1180.41
    2002     6    15   1154.27
    2002     6    20   1134.19
    2002     6    25   1110.96
    2002     6    30   1056.32
    2002     7     5   1033.14
    2002     7    10    987.37
    2002     7    15    938.69
    2002     7    20    888.67
    2002     7    25    829.86
    2002     7    31    773.07
    2002     8     5    718.12
    2002     8    10    673.04
    2002     8    15    646.24
    2002     8    20    622.15
    2002     8    25    615.03
    2002     8    31    592.46
    2002     9     5    576.65
    2002     9    10    573.95
    2002     9    15    579.22
    2002     9    20    596.56
    2002     9    25    621.32
    2002     9    30    668.34
    2002    10     5    754.47
    2002    10    10    791.12
    2002    10    15    837.06
    2002    10    20    876.44
    2002    10    25    914.91
    2002    10    31    933.98
    2002    11     5    972.28
    2002    11    10    993.53
    2002    11    15   1048.46
    2002    11    20   1092.94
    2002    11    25   1130.09
    2002    11    30   1184.96
    2002    12     5   1212.12
    2002    12    10   1245.94
    2002    12    15   1278.41
    2002    12    20   1303.55
    2002    12    25   1334.47
    2002    12    31   1375.97
    2003     1     5   1428.90
    2003     1    10   1437.88
    2003     1    15   1466.05
    2003     1    20   1497.84
    2003     1    25   1481.15
    2003     1    31   1520.48
    2003     2     5   1515.02
    2003     2    10   1523.12
    2003     2    15   1550.51
    2003     2    20   1566.42
    2003     2    25   1562.98
    2003     2    28   1581.32
    2003     3     5   1567.30
    2003     3    10   1556.39
    2003     3    15   1571.68
    2003     3    20   1585.09
    2003     3    25   1578.07
    2003     3    31   1526.23
    2003     4     5   1512.50
    2003     4    10   1502.01
    2003     4    15   1466.26
    2003     4    20   1443.56
    2003     4    25   1405.08
    2003     4    30   1383.84
    2003     5     5   1355.33
    2003     5    10   1315.72
    2003     5    15   1288.62
    2003     5    20   1262.70
    2003     5    25   1262.51
    2003     5    31   1238.30
    2003     6     5   1225.17
    2003     6    10   1194.43
    2003     6    15   1159.38
    2003     6    20   1125.97
    2003     6    25   1086.27
    2003     6    30   1044.54
    2003     7     5   1010.05
    2003     7    10    978.49
    2003     7    15    930.54
    2003     7    20    881.07
    2003     7    25    835.15
    2003     7    31    793.30
    2003     8     5    743.08
    2003     8    10    703.89
    2003     8    15    681.57
    2003     8    20    662.48
    2003     8    25    648.79
    2003     8    31    632.97
    2003     9     5    615.39
    2003     9    10    611.60
    2003     9    15    615.66
    2003     9    20    623.52
    2003     9    25    626.74
    2003     9    30    646.51
    2003    10     5    687.04
    2003    10    10    714.73
    2003    10    15    802.66
    2003    10    20    869.23
    2003    10    25    913.17
    2003    10    31    938.17
    2003    11     5    949.59
    2003    11    10    984.63
    2003    11    15   1023.77
    2003    11    20   1044.36
    2003    11    25   1101.75
    2003    11    30   1139.67
    2003    12     5   1202.40
    2003    12    10   1241.42
    2003    12    15   1289.41
    2003    12    20   1317.14
    2003    12    25   1352.79
    2003    12    31   1365.43
    2004     1     5   1383.46
    2004     1    10   1415.94
    2004     1    15   1436.86
    2004     1    20   1448.70
    2004     1    25   1445.99
    2004     1    31   1459.99
    2004     2     5   1483.17
    2004     2    10   1506.12
    2004     2    15   1525.25
    2004     2    20   1531.20
    2004     2    25   1538.71
    2004     2    28   1549.97
    2004     3     5   1522.39
    2004     3    10   1538.45
    2004     3    15   1507.58
    2004     3    20   1509.18
    2004     3    25   1517.51
    2004     3    31   1496.47
    2004     4     5   1462.85
    2004     4    10   1437.17
    2004     4    15   1386.59
    2004     4    20   1364.77
    2004     4    25   1361.83
    2004     4    30   1337.01
    2004     5     5   1283.55
    2004     5    10   1269.14
    2004     5    15   1244.36
    2004     5    20   1224.09
    2004     5    25   1206.36
    2004     5    31   1198.40
    2004     6     5   1182.84
    2004     6    10   1171.51
    2004     6    15   1145.13
    2004     6    20   1117.09
    2004     6    25   1079.35
    2004     6    30   1063.53
    2004     7     5   1024.56
    2004     7    10    987.20
    2004     7    15    947.06
    2004     7    20    907.67
    2004     7    25    872.41
    2004     7    31    821.77
    2004     8     5    773.00
    2004     8    10    712.70
    2004     8    15    678.01
    2004     8    20    641.38
    2004     8    25    619.68
    2004     8    31    606.98
    2004     9     5    595.83
    2004     9    10    593.16
    2004     9    15    602.62
    2004     9    20    600.89
    2004     9    25    637.12
    2004     9    30    667.69
    2004    10     5    708.48
    2004    10    10    765.64
    2004    10    15    809.59
    2004    10    20    832.66
    2004    10    25    880.84
    2004    10    31    920.58
    2004    11     5    983.12
    2004    11    10   1021.37
    2004    11    15   1048.18
    2004    11    20   1077.69
    2004    11    25   1122.45
    2004    11    30   1164.43
    2004    12     5   1224.07
    2004    12    10   1251.68
    2004    12    15   1284.51
    2004    12    20   1298.47
    2004    12    25   1307.60
    2004    12    31   1319.57
    2005     1     5   1358.03
    2005     1    10   1363.60
    2005     1    15   1379.46
    2005     1    20   1395.48
    2005     1    25   1414.09
    2005     1    31   1425.49
    2005     2     5   1432.22
    2005     2    10   1447.27
    2005     2    15   1472.00
    2005     2    20   1465.30
    2005     2    25   1493.47
    2005     2    28   1510.05
    2005     3     5   1510.43
    2005     3    10   1511.45
    2005     3    15   1490.79
    2005     3    20   1455.88
    2005     3    25   1458.95
    2005     3    31   1459.89
    2005     4     5   1439.79
    2005     4    10   1430.45
    2005     4    15   1414.79
    2005     4    20   1405.84
    2005     4    25   1391.34
    2005     4    30   1363.20
    2005     5     5   1340.06
    2005     5    10   1309.42
    2005     5    15   1287.64
    2005     5    20   1280.11
    2005     5    25   1226.22
    2005     5    31   1187.63
    2005     6     5   1172.01
    2005     6    10   1145.95
    2005     6    15   1121.08
    2005     6    20   1083.32
    2005     6    25   1041.54
    2005     6    30   1002.26
    2005     7     5    960.12
    2005     7    10    914.64
    2005     7    15    884.44
    2005     7    20    828.62
    2005     7    25    765.68
    2005     7    31    708.85
    2005     8     5    670.75
    2005     8    10    646.28
    2005     8    15    626.05
    2005     8    20    597.89
    2005     8    25    588.45
    2005     8    31    572.34
    2005     9     5    567.96
    2005     9    10    572.24
    2005     9    15    559.06
    2005     9    20    552.02
    2005     9    25    560.88
    2005     9    30    593.36
    2005    10     5    627.75
    2005    10    10    668.31
    2005    10    15    724.53
    2005    10    20    810.80
    2005    10    25    889.00
    2005    10    31    939.19
    2005    11     5    974.28
    2005    11    10   1008.41
    2005    11    15   1015.07
    2005    11    20   1049.68
    2005    11    25   1111.25
    2005    11    30   1125.25
    2005    12     5   1166.44
    2005    12    10   1192.97
    2005    12    15   1253.64
    2005    12    20   1277.97
    2005    12    25   1300.41
    2005    12    31   1327.19
    2006     1     5   1350.48
    2006     1    10   1361.46
    2006     1    15   1368.36
    2006     1    20   1374.37
    2006     1    25   1386.23
    2006     1    31   1420.37
    2006     2     5   1438.74
    2006     2    10   1460.79
    2006     2    15   1464.29
    2006     2    20   1451.11
    2006     2    25   1458.27
    2006     2    28   1466.11
    2006     3     5   1476.26
    2006     3    10   1483.78
    2006     3    15   1458.73
    2006     3    20   1457.42
    2006     3    25   1440.65
    2006     3    31   1435.57
    2006     4     5   1430.32
    2006     4    10   1407.81
    2006     4    15   1403.74
    2006     4    20   1396.41
    2006     4    25   1363.74
    2006     4    30   1335.24
    2006     5     5   1283.33
    2006     5    10   1273.73
    2006     5    15   1262.59
    2006     5    20   1229.26
    2006     5    25   1208.36
    2006     5    31   1163.51
    2006     6     5   1160.53
    2006     6    10   1123.50
    2006     6    15   1092.01
    2006     6    20   1059.08
    2006     6    25   1007.74
    2006     6    30    968.76
    2006     7     5    926.52
    2006     7    10    871.95
    2006     7    15    841.90
    2006     7    20    805.70
    2006     7    25    767.35
    2006     7    31    725.64
    2006     8     5    684.16
    2006     8    10    667.26
    2006     8    15    648.33
    2006     8    20    615.55
    2006     8    25    608.75
    2006     8    31    611.01
    2006     9     5    600.63
    2006     9    10    592.95
    2006     9    15    588.41
    2006     9    20    590.34
    2006     9    25    612.71
    2006     9    30    607.91
    2006    10     5    657.61
    2006    10    10    692.46
    2006    10    15    777.79
    2006    10    20    834.45
    2006    10    25    886.92
    2006    10    31    924.85
    2006    11     5    945.17
    2006    11    10    965.54
    2006    11    15    988.99
    2006    11    20    991.88
    2006    11    25   1012.59
    2006    11    30   1037.30
    2006    12     5   1123.95
    2006    12    10   1201.29
    2006    12    15   1209.45
    2006    12    20   1266.77
    2006    12    25   1291.93
    2006    12    31   1325.42
    2007     1     5   1351.54
    2007     1    10   1339.41
    2007     1    15   1377.79
    2007     1    20   1418.92
    2007     1    25   1453.91
    2007     1    31   1452.19
    2007     2     5   1454.13
    2007     2    10   1470.36
    2007     2    15   1474.29
    2007     2    20   1494.11
    2007     2    25   1495.32
    2007     2    28   1494.21
    2007     3     5   1491.72
    2007     3    10   1497.46
    2007     3    15   1458.44
    2007     3    20   1464.45
    2007     3    25   1466.66
    2007     3    31   1441.91
    2007     4     5   1436.77
    2007     4    10   1426.70
    2007     4    15   1393.27
    2007     4    20   1392.36
    2007     4    25   1358.73
    2007     4    30   1348.83
    2007     5     5   1325.41
    2007     5    10   1297.70
    2007     5    15   1282.05
    2007     5    20   1266.45
    2007     5    25   1223.82
    2007     5    31   1208.31
    2007     6     5   1175.80
    2007     6    10   1161.45
    2007     6    15   1128.75
    2007     6    20   1077.94
    2007     6    25   1040.38
    2007     6    30    962.56
    2007     7     5    897.95
    2007     7    10    843.37
    2007     7    15    782.95
    2007     7    20    726.99
    2007     7    25    680.35
    2007     7    31    638.95
    2007     8     5    591.19
    2007     8    10    552.06
    2007     8    15    523.34
    2007     8    20    499.53
    2007     8    25    484.14
    2007     8    31    455.78
    2007     9     5    442.61
    2007     9    10    440.80
    2007     9    15    430.96
    2007     9    20    437.77
    2007     9    25    441.22
    2007     9    30    460.74
    2007    10     5    507.69
    2007    10    10    541.86
    2007    10    15    588.80
    2007    10    20    659.21
    2007    10    25    751.96
    2007    10    31    857.53
    2007    11     5    917.94
    2007    11    10    966.65
    2007    11    15    986.74
    2007    11    20   1035.71
    2007    11    25   1057.75
    2007    11    30   1086.73
    2007    12     5   1152.05
    2007    12    10   1181.58
    2007    12    15   1208.66
    2007    12    20   1261.01
    2007    12    25   1302.20
    2007    12    31   1336.05
    2008     1     5   1351.48
    2008     1    10   1379.61
    2008     1    15   1403.35
    2008     1    20   1417.05
    2008     1    25   1482.42
    2008     1    31   1477.76
    2008     2     5   1508.78
    2008     2    10   1513.97
    2008     2    15   1500.38
    2008     2    20   1520.02
    2008     2    25   1544.96
    2008     2    28   1550.59
    2008     3     5   1543.39
    2008     3    10   1543.73
    2008     3    15   1534.25
    2008     3    20   1530.15
    2008     3    25   1527.78
    2008     3    31   1513.80
    2008     4     5   1490.20
    2008     4    10   1484.47
    2008     4    15   1449.28
    2008     4    20   1410.93
    2008     4    25   1382.99
    2008     4    30   1367.58
    2008     5     5   1357.93
    2008     5    10   1335.14
    2008     5    15   1307.69
    2008     5    20   1259.84
    2008     5    25   1240.35
    2008     5    31   1221.18
    2008     6     5   1193.48
    2008     6    10   1151.19
    2008     6    15   1123.07
    2008     6    20   1093.25
    2008     6    25   1047.45
    2008     6    30   1005.61
    2008     7     5    958.44
    2008     7    10    920.63
    2008     7    15    869.62
    2008     7    20    828.86
    2008     7    25    771.01
    2008     7    31    732.94
    2008     8     5    672.71
    2008     8    10    628.54
    2008     8    15    590.53
    2008     8    20    566.89
    2008     8    25    515.33
    2008     8    31    490.18
    2008     9     5    470.04
    2008     9    10    467.74
    2008     9    15    471.81
    2008     9    20    477.98
    2008     9    25    490.41
    2008     9    30    530.35
    2008    10     5    584.26
    2008    10    10    673.11
    2008    10    15    757.04
    2008    10    20    831.74
    2008    10    25    888.85
    2008    10    31    944.63
    2008    11     5    985.36
    2008    11    10   1024.95
    2008    11    15   1036.53
    2008    11    20   1081.04
    2008    11    25   1115.89
    2008    11    30   1146.00
    2008    12     5   1188.80
    2008    12    10   1246.11
    2008    12    15   1244.58
    2008    12    20   1250.72
    2008    12    25   1302.28
    2008    12    31   1314.40
    2009     1     5   1348.81
    2009     1    10   1388.56
    2009     1    15   1447.37
    2009     1    20   1441.62
    2009     1    25   1443.22
    2009     1    31   1464.30
    2009     2     5   1483.68
    2009     2    10   1508.62
    2009     2    15   1509.46
    2009     2    20   1502.82
    2009     2    25   1506.55
    2009     2    28   1531.53
    2009     3     5   1533.02
    2009     3    10   1509.48
    2009     3    15   1512.64
    2009     3    20   1516.30
    2009     3    25   1518.47
    2009     3    31   1497.48
    2009     4     5   1474.76
    2009     4    10   1467.97
    2009     4    15   1463.43
    2009     4    20   1452.28
    2009     4    25   1415.70
    2009     4    30   1401.02
    2009     5     5   1384.86
    2009     5    10   1351.05
    2009     5    15   1319.62
    2009     5    20   1291.10
    2009     5    25   1246.83
    2009     5    31   1205.11
    2009     6     5   1177.89
    2009     6    10   1160.89
    2009     6    15   1137.81
    2009     6    20   1094.56
    2009     6    25   1058.92
    2009     6    30   1015.28
    2009     7     5    951.98
    2009     7    10    901.61
    2009     7    15    861.61
    2009     7    20    801.29
    2009     7    25    735.49
    2009     7    31    695.11
    2009     8     5    666.03
    2009     8    10    649.34
    2009     8    15    616.54
    2009     8    20    585.28
    2009     8    25    554.94
    2009     8    31    539.07
    2009     9     5    533.93
    2009     9    10    522.50
    2009     9    15    526.05
    2009     9    20    536.14
    2009     9    25    541.80
    2009     9    30    564.62
    2009    10     5    592.25
    2009    10    10    640.58
    2009    10    15    690.72
    2009    10    20    753.74
    2009    10    25    791.58
    2009    10    31    880.26
    2009    11     5    902.27
    2009    11    10    945.28
    2009    11    15    986.74
    2009    11    20   1033.69
    2009    11    25   1088.66
    2009    11    30   1119.39
    2009    12     5   1162.62
    2009    12    10   1176.70
    2009    12    15   1234.59
    2009    12    20   1268.42
    2009    12    25   1294.81
    2009    12    31   1322.31
    2010     1     5   1340.50
    2010     1    10   1371.02
    2010     1    15   1401.51
    2010     1    20   1407.02
    2010     1    25   1412.56
    2010     1    31   1435.18
    2010     2     5   1448.79
    2010     2    10   1451.47
    2010     2    15   1486.22
    2010     2    20   1490.15
    2010     2    25   1490.35
    2010     2    28   1497.66
    2010     3     5   1534.45
    2010     3    10   1531.29
    2010     3    15   1525.47
    2010     3    20   1524.63
    2010     3    25   1519.04
    2010     3    31   1539.36
    2010     4     5   1520.70
    2010     4    10   1486.71
    2010     4    15   1477.44
    2010     4    20   1461.83
    2010     4    25   1439.19
    2010     4    30   1404.51
    2010     5     5   1355.25
    2010     5    10   1299.33
    2010     5    15   1281.94
    2010     5    20   1242.15
    2010     5    25   1193.96
    2010     5    31   1161.06
    2010     6     5   1138.92
    2010     6    10   1100.44
    2010     6    15   1064.55
    2010     6    20   1007.81
    2010     6    25    957.17
    2010     6    30    904.08
    2010     7     5    879.58
    2010     7    10    850.89
    2010     7    15    823.88
    2010     7    20    771.49
    2010     7    25    735.71
    2010     7    31    679.94
    2010     8     5    638.50
    2010     8    10    613.42
    2010     8    15    589.12
    2010     8    20    555.42
    2010     8    25    527.11
    2010     8    31    512.08
    2010     9     5    484.53
    2010     9    10    474.73
    2010     9    15    480.23
    2010     9    20    471.04
    2010     9    25    516.60
    2010     9    30    555.66
    2010    10     5    606.29
    2010    10    10    663.53
    2010    10    15    718.10
    2010    10    20    767.64
    2010    10    25    801.17
    2010    10    31    856.41
    2010    11     5    905.84
    2010    11    10    955.66
    2010    11    15    980.68
    2010    11    20    992.42
    2010    11    25   1022.76
    2010    11    30   1067.25
    2010    12     5   1117.32
    2010    12    10   1164.85
    2010    12    15   1209.54
    2010    12    20   1217.60
    2010    12    25   1238.70
    2010    12    31   1284.46
    2011     1     5   1331.50
    2011     1    10   1336.02
    2011     1    15   1370.86
    2011     1    20   1376.31
    2011     1    25   1393.36
    2011     1    31   1432.42
    2011     2     5   1433.92
    2011     2    10   1442.54
    2011     2    15   1463.88
    2011     2    20   1468.64
    2011     2    25   1454.54
    2011     2    28   1464.40
    2011     3     5   1478.93
    2011     3    10   1481.30
    2011     3    15   1478.84
    2011     3    20   1461.19
    2011     3    25   1460.88
    2011     3    31   1467.19
    2011     4     5   1436.61
    2011     4    10   1432.19
    2011     4    15   1429.22
    2011     4    20   1402.52
    2011     4    25   1380.72
    2011     4    30   1360.78
    2011     5     5   1332.03
    2011     5    10   1298.14
    2011     5    15   1263.02
    2011     5    20   1248.92
    2011     5    25   1204.75
    2011     5    31   1163.06
    2011     6     5   1151.22
    2011     6    10   1115.17
    2011     6    15   1056.79
    2011     6    20   1021.75
    2011     6    25    982.58
    2011     6    30    939.00
    2011     7     5    884.29
    2011     7    10    810.10
    2011     7    15    745.48
    2011     7    20    705.86
    2011     7    25    674.40
    2011     7    31    647.84
    2011     8     5    612.32
    2011     8    10    575.33
    2011     8    15    541.29
    2011     8    20    513.89
    2011     8    25    478.69
    2011     8    31    458.21
    2011     9     5    446.45
    2011     9    10    445.69
    2011     9    15    463.80
    2011     9    20    466.63
    2011     9    25    480.66
    2011     9    30    509.55
    2011    10     5    542.91
    2011    10    10    602.95
    2011    10    15    641.95
    2011    10    20    688.05
    2011    10    25    799.69
    2011    10    31    878.92
    2011    11     5    918.17
    2011    11    10    933.48
    2011    11    15    982.96
    2011    11    20   1027.12
    2011    11    25   1073.22
    2011    11    30   1121.51
    2011    12     5   1163.58
    2011    12    10   1204.55
    2011    12    15   1245.51
    2011    12    20   1269.82
    2011    12    25   1302.57
    2011    12    31   1351.36
    2012     1     5   1347.79
    2012     1    10   1393.58
    2012     1    15   1391.37
    2012     1    20   1392.88
    2012     1    25   1424.10
    2012     1    31   1434.95
    2012     2     5   1436.84
    2012     2    10   1461.18
    2012     2    15   1491.84
    2012     2    20   1486.29
    2012     2    25   1506.47
    2012     2    28   1519.26
    2012     3     5   1548.40
    2012     3    10   1538.30
    2012     3    15   1542.13
    2012     3    20   1538.05
    2012     3    25   1525.17
    2012     3    31   1526.49
    2012     4     5   1493.51
    2012     4    10   1487.27
    2012     4    15   1479.79
    2012     4    20   1467.92
    2012     4    25   1407.05
    2012     4    30   1380.33
    2012     5     5   1340.43
    2012     5    10   1333.52
    2012     5    15   1298.30
    2012     5    20   1268.90
    2012     5    25   1238.34
    2012     5    31   1198.22
    2012     6     5   1179.87
    2012     6    10   1100.59
    2012     6    15   1040.51
    2012     6    20   1006.38
    2012     6    25    967.34
    2012     6    30    911.81
    2012     7     5    869.89
    2012     7    10    803.64
    2012     7    15    761.59
    2012     7    20    718.19
    2012     7    25    691.60
    2012     7    31    619.37
    2012     8     5    568.77
    2012     8    10    507.99
    2012     8    15    464.22
    2012     8    20    417.99
    2012     8    25    378.12
    2012     8    31    356.98
    2012     9     5    351.18
    2012     9    10    341.93
    2012     9    15    335.80
    2012     9    20    360.24
    2012     9    25    370.12
    2012     9    30    400.62
    2012    10     5    436.57
    2012    10    10    498.94
    2012    10    15    589.27
    2012    10    20    680.18
    2012    10    25    747.60
    2012    10    31    804.92
    2012    11     5    860.78
    2012    11    10    892.32
    2012    11    15    938.44
    2012    11    20    999.12
    2012    11    25   1048.14
    2012    11    30   1097.04
    2012    12     5   1144.72
    2012    12    10   1182.29
    2012    12    15   1206.82
    2012    12    20   1242.16
    2012    12    25   1289.47
    2012    12    31   1314.56
    2013     1     5   1323.77
    2013     1    10   1364.30
    2013     1    15   1394.16
    2013     1    20   1414.17
    2013     1    25   1449.70
    2013     1    31   1427.77
    2013     2     5   1456.76
    2013     2    10   1477.65
    2013     2    15   1499.88
    2013     2    20   1494.35
    2013     2    25   1521.40
    2013     2    28   1526.48
    2013     3     5   1511.75
    2013     3    10   1520.86
    2013     3    15   1524.11
    2013     3    20   1511.30
    2013     3    25   1503.25
    2013     3    31   1497.43
    2013     4     5   1475.02
    2013     4    10   1473.01
    2013     4    15   1436.66
    2013     4    20   1401.12
    2013     4    25   1364.01
    2013     4    30   1362.05
    2013     5     5   1345.92
    2013     5    10   1327.75
    2013     5    15   1306.36
    2013     5    20   1277.16
    2013     5    25   1253.39
    2013     5    31   1211.33
    2013     6     5   1196.84
    2013     6    10   1162.20
    2013     6    15   1134.89
    2013     6    20   1109.40
    2013     6    25   1062.39
    2013     6    30    994.52
    2013     7     5    921.32
    2013     7    10    861.90
    2013     7    15    800.36
    2013     7    20    752.36
    2013     7    25    720.93
    2013     7    31    695.41
    2013     8     5    657.18
    2013     8    10    628.73
    2013     8    15    593.91
    2013     8    20    573.86
    2013     8    25    558.58
    2013     8    31    530.88
    2013     9     5    518.80
    2013     9    10    512.96
    2013     9    15    511.82
    2013     9    20    520.96
    2013     9    25    544.66
    2013     9    30    580.26
    2013    10     5    639.44
    2013    10    10    691.01
    2013    10    15    753.10
    2013    10    20    807.77
    2013    10    25    861.34
    2013    10    31    918.75
    2013    11     5    946.01
    2013    11    10    961.67
    2013    11    15    992.85
    2013    11    20   1035.34
    2013    11    25   1068.01
    2013    11    30   1144.70
    2013    12     5   1173.29
    2013    12    10   1191.69
    2013    12    15   1232.45
    2013    12    20   1233.08
    2013    12    25   1265.33
    2013    12    31   1298.75
    2014     1     5   1329.01
    2014     1    10   1356.62
    2014     1    15   1376.87
    2014     1    20   1405.87
    2014     1    25   1435.48
    2014     1    31   1440.92
    2014     2     5   1446.15
    2014     2    10   1448.14
    2014     2    15   1453.71
    2014     2    20   1483.57
    2014     2    25   1478.08
    2014     2    28   1483.86
    2014     3     5   1501.89
    2014     3    10   1482.48
    2014     3    15   1509.05
    2014     3    20   1515.27
    2014     3    25   1487.29
    2014     3    31   1458.06
    2014     4     5   1454.45
    2014     4    10   1439.61
    2014     4    15   1396.57
    2014     4    20   1389.99
    2014     4    25   1367.18
    2014     4    30   1344.26
    2014     5     5   1316.02
    2014     5    10   1288.19
    2014     5    15   1258.83
    2014     5    20   1235.11
    2014     5    25   1228.64
    2014     5    31   1183.10
    2014     6     5   1170.65
    2014     6    10   1146.75
    2014     6    15   1101.63
    2014     6    20   1057.30
    2014     6    25   1008.46
    2014     6    30    934.71
    2014     7     5    884.99
    2014     7    10    840.92
    2014     7    15    801.58
    2014     7    20    772.87
    2014     7    25    743.91
    2014     7    31    699.65
    2014     8     5    663.96
    2014     8    10    632.02
    2014     8    15    597.95
    2014     8    20    568.04
    2014     8    25    549.76
    2014     8    31    544.73
    2014     9     5    525.99
    2014     9    10    523.43
    2014     9    15    516.59
    2014     9    20    531.16
    2014     9    25    552.28
    2014     9    30    572.58
    2014    10     5    607.38
    2014    10    10    655.89
    2014    10    15    714.55
    2014    10    20    798.45
    2014    10    25    860.45
    2014    10    31    922.03
    2014    11     5    963.66
    2014    11    10    971.97
    2014    11    15   1017.21
    2014    11    20   1046.51
    2014    11    25   1082.06
    2014    11    30   1131.34
    2014    12     5   1179.83
    2014    12    10   1217.15
    2014    12    15   1241.05
    2014    12    20   1276.86
    2014    12    25   1305.46
    2014    12    31   1314.97
    2015     1     5   1322.02
    2015     1    10   1330.97
    2015     1    15   1374.07
    2015     1    20   1394.41
    2015     1    25   1408.14
    2015     1    31   1420.16
    2015     2     5   1436.99
    2015     2    10   1457.83
    2015     2    15   1457.57
    2015     2    20   1448.21
    2015     2    25   1463.59
    2015     2    28   1455.82
    2015     3     5   1443.31
    2015     3    10   1433.91
    2015     3    15   1450.35
    2015     3    20   1446.45
    2015     3    25   1454.38
    2015     3    31   1432.52
    2015     4     5   1418.77
    2015     4    10   1411.28
    2015     4    15   1394.82
    2015     4    20   1395.75
    2015     4    25   1357.39
    2015     4    30   1327.26
    2015     5     5   1295.58
    2015     5    10   1269.36
    2015     5    15   1248.01
    2015     5    20   1205.49
    2015     5    25   1179.88
    2015     5    31   1154.35
    2015     6     5   1128.91
    2015     6    10   1107.45
    2015     6    15   1080.12
    2015     6    20   1051.77
    2015     6    25   1028.28
    2015     6    30    988.46
    2015     7     5    958.28
    2015     7    10    895.15
    2015     7    15    845.38
    2015     7    20    779.53
    2015     7    25    724.96
    2015     7    31    675.26
    2015     8     5    645.32
    2015     8    10    597.56
    2015     8    15    575.79
    2015     8    20    551.04
    2015     8    25    502.58
    2015     8    31    460.37
    2015     9     5    454.14
    2015     9    10    460.36
    2015     9    15    458.24
    2015     9    20    481.21
    2015     9    25    507.67
    2015     9    30    530.13
    2015    10     5    584.88
    2015    10    10    645.24
    2015    10    15    708.24
    2015    10    20    784.53
    2015    10    25    842.46
    2015    10    31    893.35
    2015    11     5    931.76
    2015    11    10    988.83
    2015    11    15   1003.72
    2015    11    20   1012.13
    2015    11    25   1067.71
    2015    11    30   1112.57
    2015    12     5   1145.71
    2015    12    10   1180.99
    2015    12    15   1233.85
    2015    12    20   1251.15
    2015    12    25   1272.40
    2015    12    31   1307.83
    2016     1     5   1307.18
    2016     1    10   1350.18
    2016     1    15   1368.53
    2016     1    20   1376.48
    2016     1    25   1395.12
    2016     1    31   1406.54
    2016     2     5   1424.70
    2016     2    10   1425.84
    2016     2    15   1441.40
    2016     2    20   1431.72
    2016     2    25   1452.74
    2016     2    28   1471.38
    2016     3     5   1454.20
    2016     3    10   1461.04
    2016     3    15   1461.12
    2016     3    20   1466.68
    2016     3    25   1458.64
    2016     3    31   1414.42
    2016     4     5   1407.72
    2016     4    10   1378.51
    2016     4    15   1379.97
    2016     4    20   1352.53
    2016     4    25   1322.51
    2016     4    30   1290.55
    2016     5     5   1264.74
    2016     5    10   1213.24
    2016     5    15   1174.85
    2016     5    20   1147.49
    2016     5    25   1115.91
    2016     5    31   1093.25
    2016     6     5   1090.45
    2016     6    10   1067.59
    2016     6    15   1040.95
    2016     6    20   1003.18
    2016     6    25    959.13
    2016     6    30    924.58
    2016     7     5    877.55
    2016     7    10    837.29
    2016     7    15    785.51
    2016     7    20    752.52
    2016     7    25    714.08
    2016     7    31    661.49
    2016     8     5    610.99
    2016     8    10    572.71
    2016     8    15    543.78
    2016     8    20    514.22
    2016     8    25    474.10
    2016     8    31    430.32
    2016     9     5    411.40
    2016     9    10    428.91
    2016     9    15    441.98
    2016     9    20    457.14
    2016     9    25    503.18
    2016     9    30    519.76
    2016    10     5    544.21
    2016    10    10    553.42
    2016    10    15    596.98
    2016    10    20    657.88
    2016    10    25    706.77
    2016    10    31    736.66
    2016    11     5    808.72
    2016    11    10    860.87
    2016    11    15    892.74
    2016    11    20    886.07
    2016    11    25    959.71
    2016    11    30   1019.43
    2016    12     5   1058.28
    2016    12    10   1132.80
    2016    12    15   1176.16
    2016    12    20   1213.18
    2016    12    25   1220.00
    2016    12    31   1269.33
